0.029750800545739475

-4.1864331609943737e-13
0.000907399326865106
0.0010691674790358195
-0.000965603282912583
-1.8379842861548332e-05
-1.1051180092532817e-05
-1.334029073546446e-06
-2.4884378249549813e-05
3.11361526414876e-05
-1.0634285298533035e-05
1.2515392852615134e-07
1.2095128374166107e-08
7.81438074166958e-08
1.4369465842671595e-07
-1.7086173707913327e-07
7.549416330659902e-08
1.61266770640999e-07
-5.537077547044567e-08
-2.1331716474234774e-07
1.739589789109912e-07
-2.6830864280647293e-10
6.605443489300171e-11
-2.290340213542993e-10
-2.9058516854737915e-10
4.2070233858977047e-10
-2.543167699168852e-10
-2.1366101694404333e-10
-8.175071111723533e-11
5.235397929079904e-10
-2.609077977860966e-10
-3.6255765700712634e-10
1.1167568375064717e-10
1.2643747773976224e-10
3.8223819240024727e-10
-4.394339437284396e-10
