0.03200862426254443

-4.293048378054509e-13
0.0009725678576225276
0.001107215251431254
-0.0010430733743578083
-1.993476892710876e-05
-1.1568024352676473e-05
-1.1114769352367584e-06
-2.636485158417592e-05
3.3837506806601224e-05
-1.127461501181939e-05
1.3534187228945104e-07
1.3307266424739674e-08
8.117726742624796e-08
1.5071919270442446e-07
-1.8187479203676604e-07
7.832839884082746e-08
1.7184398417372498e-07
-6.318020718871252e-08
-2.301423935319022e-07
1.8696370226993821e-07
-2.896216118670285e-10
6.658481790044793e-11
-2.398037097668867e-10
-3.019392455962501e-10
4.4357327534124577e-10
-2.6347478025945126e-10
-2.2733477554299762e-10
-7.785906573018972e-11
5.545637588823488e-10
-2.7442264105081705e-10
-3.8697453638309494e-10
1.201039910160463e-10
1.48962237601232e-10
4.0964124033540254e-10
-4.73419694129058e-10
