0.06517253446616039

8.283438196814388e-14
0.0006154334046605862
0.00041943588823201524
-0.0012349794435825062
-2.2897938637808617e-05
-5.81041712976429e-07
-9.395400144673425e-08
-2.5620013403996932e-05
4.986707328411262e-05
-1.7382156697281707e-05
1.7361730611408688e-07
-4.2277281827846244e-08
8.718110870753473e-08
1.2241125545906342e-07
-2.5968045366856317e-07
1.0921249416935678e-07
1.8951650400631144e-07
-1.1403869995980413e-07
-3.2096648508256957e-07
2.7004447260944976e-07
-3.8977954407462345e-10
1.6002737405121299e-10
-2.7878042141424553e-10
-2.250727449499525e-10
6.079603268836127e-10
-3.049796354076993e-10
-2.1854496817870046e-10
3.112982813911431e-11
6.913424398247335e-10
-3.8344359518547174e-10
-4.418353096242341e-10
1.4611621330790704e-10
2.914220162084071e-10
5.634523096259534e-10
-6.784231333523777e-10
