0.10355218263249416

1.0716130900580709e-12
-0.000520565630852628
-0.0011374300352518796
-0.0009300112517887325
-1.4734185371439845e-05
2.1929817601184712e-05
-7.291601553450876e-07
-1.0132107316626921e-05
5.3922337346934224e-05
-2.1263367278548713e-05
1.5230475329024263e-07
-1.4383233427702385e-07
7.300009092560165e-08
1.7806221524105046e-08
-2.9584857722621245e-07
1.3943773195335232e-07
1.1802387228267669e-07
-1.3411376359534062e-07
-3.331980096652165e-07
2.931095592278547e-07
-3.779310970816134e-10
3.089086803483324e-10
-2.527230491103936e-10
-1.2263854103529179e-11
6.875678821589505e-10
-3.0716723233726e-10
-9.143547735184555e-11
1.8069680430701307e-10
6.538360843406665e-10
-4.5480717257979664e-10
-3.024071034063086e-10
1.2601574918828357e-10
3.345501930630869e-10
6.047003609667292e-10
-7.232805569596749e-10
