0.11023245743699056

1.3035586733097608e-12
-0.0007711979221216492
-0.0015323320927060225
-0.0008446181558125279
-1.2116971679928629e-05
2.6892832883732617e-05
-2.0130379018157548e-06
-4.152785493639946e-06
5.284418524890886e-05
-1.995872386681175e-05
1.4153720475603978e-07
-1.679400266858261e-07
7.081475389492933e-08
-7.510963451427693e-09
-2.9033377898716065e-07
1.4687465267448702e-07
8.036867198153134e-08
-1.2925266852403929e-07
-3.33879782002501e-07
2.8260245222383894e-07
-3.620629813466033e-10
3.461669522071636e-10
-2.4191496716314615e-10
4.0209975879894824e-11
6.783005102299517e-10
-3.1013890716287636e-10
-6.341660185038605e-11
2.125643495464838e-10
6.122412702832813e-10
-4.6442489368995723e-10
-2.1383578734548208e-10
1.0202295782505175e-10
3.319373341061979e-10
6.326140954204108e-10
-7.039172393587554e-10
