0.11174610301042345

1.3657816371306227e-12
-0.0008366618616945978
-0.0016388866316402915
-0.0008228651991611561
-1.1309132034963954e-05
2.8200617168076137e-05
-2.623026507504679e-06
-2.2166865524346446e-06
5.225422820627863e-05
-1.9174698013181214e-05
1.3789801021946816e-07
-1.749690328559772e-07
7.079928831785471e-08
-1.4252849353674453e-08
-2.8675656810823837e-07
1.4960548489024677e-07
6.706160352654867e-08
-1.2582191299228861e-07
-3.3484147675113585e-07
2.77156499365936e-07
-3.5632982119428696e-10
3.580242448820674e-10
-2.390918034019465e-10
5.4127868106876874e-11
6.729643262689208e-10
-3.1287982088951336e-10
-5.588401480815261e-11
2.1910720419109526e-10
5.966927231676876e-10
-4.674329933793796e-10
-1.813984380206797e-10
9.14390614019841e-11
3.287246239495121e-10
6.46675042265263e-10
-6.943728631743358e-10
