0.1135613656202489

1.4716235394690551e-12
-0.0009302812788324203
-0.001840396517932759
-0.0007833360738889054
-9.8497518575781e-06
3.0169340384499584e-05
-3.914057451232514e-06
2.0422927736086184e-06
5.077945711606678e-05
-1.7210836716265243e-05
1.3031370789342704e-07
-1.8590496435654039e-07
7.094008438758671e-08
-2.5177938066886452e-08
-2.7640070489000343e-07
1.5322431702097784e-07
3.5897731542159484e-08
-1.1845587499671435e-07
-3.3574451801088415e-07
2.6374381114232336e-07
-3.4263955756267864e-10
3.763839442098422e-10
-2.3239306576694934e-10
7.900257720880339e-11
6.517719823235818e-10
-3.1652769533390884e-10
-4.8282883263775836e-11
2.348017405960818e-10
5.594398589041729e-10
-4.680531442951493e-10
-1.022356543254297e-10
6.785688326843115e-11
3.2287264886071366e-10
6.745717358613506e-10
-6.707810298847998e-10
