0.11580688714068121

1.6050339180494965e-12
-0.0010421233195691592
-0.0021004517055273775
-0.0007336146463230797
-7.982655191637314e-06
3.24281041987379e-05
-5.471649720433473e-06
7.695321933372587e-06
4.8812105655203864e-05
-1.4705819425575891e-05
1.201732541928593e-07
-1.9834636926649907e-07
7.096353972686057e-08
-3.759812657133756e-08
-2.632771922070026e-07
1.5693636442443603e-07
-6.004744471235886e-09
-1.091776032896869e-07
-3.355093816911622e-07
2.4621513395365975e-07
-3.235833170661037e-10
3.9698077057437553e-10
-2.2342331365156118e-10
1.0806127322755265e-10
6.227339605501595e-10
-3.207092474071739e-10
-4.2885484770071996e-11
2.573384633520165e-10
5.118150228056874e-10
-4.667338747492643e-10
5.460127418583513e-12
3.81436803241786e-11
3.1415419332819387e-10
7.068213951941885e-10
-6.393349481556603e-10
