0.11614688415679264

1.6246223740225376e-12
-0.0010588035203503898
-0.002138769679118108
-0.0007259211198685742
-7.704335076452554e-06
3.27567174195569e-05
-5.689960566835026e-06
8.525538707172643e-06
4.852351420822762e-05
-1.43571285386473e-05
1.1865009368803038e-07
-2.0014306235770274e-07
7.095572413356228e-08
-3.937226555818498e-08
-2.614421316465913e-07
1.5743893093510065e-07
-1.2167712371865102e-08
-1.0784285949475165e-07
-3.3536091746200475e-07
2.437273115405027e-07
-3.207029181326589e-10
3.9994209973082495e-10
-2.2212709769217604e-10
1.122772958227708e-10
6.185446858377203e-10
-3.212805086625437e-10
-4.2278474556112634e-11
2.608360181111311e-10
5.049886342044438e-10
-4.664805550822074e-10
2.137819458815144e-11
3.383552531235582e-11
3.1279756561779484e-10
7.111539113145232e-10
-6.348221317954944e-10
