0.11626144809180061

1.6514605697642117e-12
-0.001074543406746586
-0.002203821978501334
-0.0007099397984180875
-7.248371341945264e-06
3.2994915833147705e-05
-5.90132068039431e-06
1.0160290044459598e-05
4.789865371463609e-05
-1.380044192030713e-05
1.1538945070936188e-07
-2.011848484277855e-07
7.041649121375657e-08
-4.093346966899986e-08
-2.57768004857395e-07
1.5642623126130653e-07
-2.5099079891520187e-08
-1.0594488481377305e-07
-3.329354876986613e-07
2.392326007325638e-07
-3.1345712702646706e-10
4.008583488229573e-10
-2.1870062653511055e-10
1.1841327890232302e-10
6.064238647255337e-10
-3.194327965745504e-10
-4.686006191656815e-11
2.714507851777673e-10
4.915787966455072e-10
-4.617501259527276e-10
5.6911969530254386e-11
2.5918605128169777e-11
3.107728607516327e-10
7.12386575540767e-10
-6.259737957943324e-10
