0.11643331273351101

1.6917204040268134e-12
-0.0010981582333004793
-0.0023014141433455827
-0.0006859552389933941
-6.564311539831673e-06
3.335223303836063e-05
-6.21837352814346e-06
1.261260782375608e-05
4.696139268087115e-05
-1.2965600259004745e-05
1.1049776364397717e-07
-2.027480311187293e-07
6.960756907591825e-08
-4.3275092009443516e-08
-2.522566454075343e-07
1.5490738473828606e-07
-4.449703982472353e-08
-1.0309850211495761e-07
-3.292971495868146e-07
2.324914175128492e-07
-3.025869469434631e-10
4.0223376425613905e-10
-2.135612006769694e-10
1.2761808508067153e-10
5.882423129717402e-10
-3.166602559237053e-10
-5.37333421552075e-11
2.8737255469228314e-10
4.7146434348876e-10
-4.5465588081287955e-10
1.102141558758996e-10
1.4044548458123614e-11
3.0773652550699016e-10
7.142343877809505e-10
-6.127023265758253e-10
