0.11462154960295234

1.6989671948084125e-12
-0.0010601044126936515
-0.002385056450744711
-0.000657859394257085
-6.162187924428372e-06
3.2371284303868234e-05
-5.929849371086015e-06
1.5600376573309397e-05
4.572653542194876e-05
-1.2283711339936078e-05
1.0435061765407083e-07
-1.9610332687764626e-07
6.701518583711793e-08
-3.9764783306814834e-08
-2.446392301623075e-07
1.46347712794758e-07
-7.076329960460097e-08
-1.025995349411917e-07
-3.188138208611237e-07
2.2552361064400128e-07
-2.853199205327344e-10
3.870581541985415e-10
-2.0434497425642814e-10
1.321139424219909e-10
5.513840357721156e-10
-3.0311284906054e-10
-8.13624877029737e-11
3.19267657299535e-10
4.458768706201997e-10
-4.3169242198174604e-10
1.8880507174623308e-10
1.7302062637921801e-12
3.0860279010107653e-10
6.94711247249707e-10
-5.971498852492626e-10
