0.11234321381234691

1.6850744733323148e-12
-0.0010005082185329205
-0.0024332732270398896
-0.0006356805407016034
-6.066469993890278e-06
3.1019599495707344e-05
-5.427276993390245e-06
1.7848503952889828e-05
4.478140844171436e-05
-1.1961098485454434e-05
9.975103139803963e-08
-1.874288442117624e-07
6.448504751716488e-08
-3.438509973614671e-08
-2.385180350489273e-07
1.369650492172911e-07
-9.166092284103133e-08
-1.0374264363714663e-07
-3.082775282115255e-07
2.2114170089744912e-07
-2.7074387351441007e-10
3.684146700763025e-10
-1.9638171365781946e-10
1.3297556335416203e-10
5.168596825716372e-10
-2.8845168350505533e-10
-1.1082872635589086e-10
3.492355755127166e-10
4.261684997637014e-10
-4.081443891950887e-10
2.539649165351909e-10
-6.399905296597232e-12
3.117312640796666e-10
6.701567945270306e-10
-5.863499830092418e-10
