0.07123404756583832

9.959736426243392e-13
9.213906253101461e-05
-0.002160914753926032
-0.00033643706561937146
-7.789263919986808e-06
4.653199101016992e-06
5.811411911904342e-06
3.242775032297519e-05
3.3901533594187925e-05
-1.6942224590044368e-05
4.756521345274532e-08
-3.496885222941733e-08
3.7463348623881986e-08
9.410006550441454e-08
-2.0025151497022465e-07
-3.417087134810346e-09
-2.7390781859446696e-07
-1.2194728538322664e-07
-1.4133674761309192e-07
2.1832091593689382e-07
-8.79933272874442e-11
7.338910685840099e-11
-1.3559200870641606e-10
4.544453578303047e-11
1.3801293900898842e-10
-9.035285345693163e-11
-5.846267789463212e-10
7.074488605543914e-10
3.162944096381793e-10
-8.746585105888529e-11
9.186244777140822e-10
-7.915795882258446e-11
3.199273007979837e-10
1.918116955525697e-10
-5.330258985680744e-10
