0.0569753835443195

6.266729748020169e-13
0.00016070333648848779
-0.001616501192891513
-5.755277177454781e-05
-4.280101911201906e-06
-2.7683524357341374e-06
9.809568136440715e-06
3.028224018243669e-05
2.6275496190782864e-05
-2.363624673947672e-05
7.971374684778776e-09
-4.667325625141213e-09
3.7693792222993295e-08
1.495659070166954e-07
-2.1713458949668674e-07
-3.663698690497832e-08
-2.953923471499533e-07
-8.773727130959024e-08
-6.154943483771752e-08
2.3809624726176543e-07
5.885234916922358e-12
3.6854891752067075e-11
-1.5500595345226943e-10
-6.4782597629585785e-12
1.1820467924568188e-10
-6.069892023579972e-11
-7.418756732923722e-10
7.697819817209875e-10
3.6530747103301107e-10
-2.0940991541206327e-11
1.0700585636009394e-09
-1.521570368472573e-10
2.1593169992864127e-10
-2.8564289496286645e-11
-5.386520912779359e-10
