0.08357284550075289

6.009408407721759e-13
-0.0014078044930954784
-0.0004513322086203743
0.0004078155033618069
1.4427791347172305e-05
6.712344387271286e-06
1.0123357334217984e-05
1.1615507037699719e-05
1.3732752981599825e-05
-4.035623908664668e-05
-8.26930340437499e-08
-1.0533865225533896e-07
7.647525575380978e-08
2.0694697337867433e-07
-3.772237361107228e-07
4.631260769623212e-08
-1.9853699907682393e-07
7.775920776774592e-08
-8.739458146883926e-10
3.0829396548993646e-07
1.2947994231454906e-10
3.191372848898692e-10
-3.192487324444014e-10
-1.5918548681982624e-10
6.626016895368336e-10
-2.8725235772995804e-10
-7.489313746672396e-10
5.590307598992871e-10
7.688596199427511e-10
-2.536610708405128e-10
9.240524633299821e-10
-3.3645848305033366e-10
-2.5461981072899844e-10
-1.3726647418862634e-10
-6.205247117527744e-10
