0.08751530653330511

7.342190956930392e-13
-0.002512389207054324
-0.0006228867996947348
0.0013620682934499747
3.0309139261498625e-05
2.4974209827295772e-05
1.489398979839305e-06
1.4411408504732582e-05
-1.647896647340149e-06
-4.848699423993006e-05
-1.5667908730300734e-07
-2.3054047308885296e-07
1.1192407617521945e-07
1.3359837354788175e-07
-3.7695018563266165e-07
1.079576265454682e-07
-2.1663798965443925e-07
1.7084791387755117e-07
7.08128398574707e-08
3.13064473278571e-07
2.421805884353025e-10
5.874628860473382e-10
-3.962059727764308e-10
-2.935145756787394e-12
7.568877150549246e-10
-3.888704998524955e-10
-6.022658869169109e-10
4.850925525066667e-10
7.4072705375834e-10
-3.6382760889750424e-10
9.799546728010656e-10
-4.663384216698816e-10
-4.949719196032825e-10
-2.2550869582511732e-10
-5.822325016905668e-10
