0.07586624220273419

6.611744334305008e-13
-0.0026106087469316397
-0.0008456695218533702
0.001859496171967294
3.356080007145979e-05
3.253479213595103e-05
-4.834106315524716e-06
1.8023447295909133e-05
-7.589378208762736e-06
-4.965024421166884e-05
-1.7028182438391743e-07
-2.784996310895135e-07
1.2939201524351607e-07
7.305757664994673e-08
-3.235938862282253e-07
1.2373708300748462e-07
-2.3212997181710473e-07
1.8076079263876893e-07
9.550473063703852e-08
3.033013130745308e-07
2.650416468922778e-10
6.779642613055638e-10
-4.1049547466573397e-10
1.4222743919146198e-10
6.473864931528313e-10
-3.8798562404171526e-10
-5.028660163283389e-10
4.758799624958042e-10
6.088329620712358e-10
-3.6727368675486247e-10
9.978419909477158e-10
-4.910735658486888e-10
-5.001639540348775e-10
-2.5288433709139816e-10
-5.507741131852996e-10
