0.06988653021030505

6.364884302821765e-13
-0.0026603067970864926
-0.000981440018232074
0.002104594323748272
3.5089024326908186e-05
3.6550847220056155e-05
-7.966158514534204e-06
2.0039743893387366e-05
-1.0462587781421185e-05
-4.992744028697571e-05
-1.7639724217208993e-07
-3.025740035669043e-07
1.3664789132629998e-07
3.956605063207848e-08
-2.9433188898628186e-07
1.3069775089737605e-07
-2.400566733987287e-07
1.8390582449499986e-07
1.070683774401538e-07
2.966938618371754e-07
2.751980976454355e-10
7.211035110607559e-10
-4.134276157535057e-10
2.2087483414027832e-10
5.864012311116131e-10
-3.826921941391484e-10
-4.4726103890428797e-10
4.726796289352273e-10
5.352201437485823e-10
-3.661708838057578e-10
1.004201802106312e-09
-5.019750136830922e-10
-4.961555610963017e-10
-2.646257864967066e-10
-5.322140286344185e-10
