0.04526028351897568

5.192478394621836e-13
-0.0026654959082388543
-0.0016869904676895366
0.0030985257788461117
3.837742402213761e-05
5.3795329546320695e-05
-2.2958624836173693e-05
2.852726018660968e-05
-1.8775187061950672e-05
-5.117281616485719e-05
-1.7927858348967234e-07
-4.0444196070261923e-07
1.7602209024838068e-07
-1.1133655916530833e-07
-1.6316291365613239e-07
1.6795298354133483e-07
-2.612137531999298e-07
1.7007215656104352e-07
1.3376596059489434e-07
2.767764713663836e-07
2.7396487076914933e-10
9.009343502620541e-10
-4.362642871471108e-10
5.629392780817229e-10
3.0572653507023984e-10
-3.7307566455567465e-10
-1.874053644203293e-10
4.5356728296063854e-10
2.1391109619211994e-10
-3.756083076675303e-10
9.705216053199287e-10
-4.92168343054177e-10
-4.242656016105182e-10
-2.728234043575602e-10
-4.782356020690611e-10
