0.046154273779544924

3.4991611804285465e-13
-0.002054224652552894
-0.001975334569458108
0.0031845231637307302
2.836354963317512e-05
5.7864355925020624e-05
-3.0348751968100223e-05
2.2643976901444822e-05
-5.713755582398546e-06
-5.758776204152772e-05
-9.87495794819056e-08
-4.2775073033183077e-07
2.203017050606476e-07
-1.5728372743947588e-07
-1.4974248462149576e-07
2.1074881218529233e-07
-1.6827987415794834e-07
7.631872240091597e-08
7.059878735601835e-08
3.3447489978922786e-07
1.1145984630365096e-10
9.45367326961079e-10
-5.103997269263747e-10
6.214115238658016e-10
2.7236711410961295e-10
-4.4291241295194576e-10
-5.434038450886892e-11
3.9364320841984967e-10
2.2048869165326703e-10
-4.6150946095876976e-10
6.219402663440631e-10
-2.7235663658729097e-10
-2.6254120008614577e-10
-1.8819051405660738e-10
-6.0672730603816e-10
