0.04846177780883554

3.3519970901694455e-13
-0.0019036128411595956
-0.0020611915184432046
0.0031553025624106623
2.564821213690218e-05
5.8117549213034825e-05
-3.126743417433469e-05
2.133068587660282e-05
-1.765956662846573e-06
-5.924084726627303e-05
-7.802335516643901e-08
-4.2757215260006e-07
2.2848378146014877e-07
-1.6210030665213265e-07
-1.5363264113377237e-07
2.1861337943397026e-07
-1.4685119421211776e-07
5.034492089799379e-08
5.4509417426375335e-08
3.501322230469163e-07
7.056130145792801e-11
9.43762520769131e-10
-5.254870127367426e-10
6.197969583020343e-10
2.7540637763521293e-10
-4.5888233276911796e-10
-3.4968454022852696e-11
3.8643229737564676e-10
2.366385175108225e-10
-4.803517926310642e-10
5.418106671687271e-10
-2.1208546908766763e-10
-2.2209785744129198e-10
-1.7096638666482212e-10
-6.412739294805017e-10
