0.05845185675246953

3.214199883562014e-13
-0.0014246849705265515
-0.002363390141537185
0.0030118292790910855
1.6852331132120446e-05
5.807929493674797e-05
-3.3384073525713815e-05
1.7725980650835005e-05
1.1490452108188953e-05
-6.458554365739102e-05
-1.1755535650359552e-08
-4.21118416613302e-07
2.5279619857732867e-07
-1.6901751159944743e-07
-1.7444975154136446e-07
2.4166498676551957e-07
-8.409659744517494e-08
-3.4472523698372534e-08
2.8334050444492667e-09
4.0148883729130744e-07
-5.914191183450969e-11
9.272509150642711e-10
-5.723990183582058e-10
5.950462038441038e-10
2.979794536816931e-10
-5.12357960293141e-10
7.738936786522818e-12
3.7369669415615927e-10
3.0493160106269216e-10
-5.395277384956418e-10
3.0448882384424173e-10
-1.513868564449811e-11
-9.62856850270291e-11
-1.180983972559828e-10
-7.543612756388858e-10
