0.07793446601771423

4.102459014382496e-13
-0.0008629521546671145
-0.0028816168640923116
0.002753773235698994
5.7919182586137604e-06
5.751562172437351e-05
-3.496024029107185e-05
1.5118386150494088e-05
2.9664503269322876e-05
-7.157611423989228e-05
7.238841913807412e-08
-4.0720682467710345e-07
2.8137788816113633e-07
-1.6723728339501956e-07
-2.1705479358585677e-07
2.7061732295898455e-07
-1.846334000250484e-08
-1.4686217461199978e-07
-6.435214484808713e-08
4.690331177148486e-07
-2.2331109097454958e-10
8.939198406441706e-10
-6.307558357579543e-10
5.341947889293915e-10
3.539213403538253e-10
-5.905088166011347e-10
3.6054201251814506e-11
3.7796040593244943e-10
4.198020957675698e-10
-6.194385085827192e-10
4.103160365864794e-11
2.475421658167977e-10
5.6129106049963394e-11
-4.921309620268401e-11
-9.023015483456712e-10
