0.1015647341826493

4.4937378180822276e-13
-0.0002306905617495295
-0.003237762007398784
0.002383112842742748
-7.4135905714994185e-06
5.738964438733862e-05
-3.866683962327181e-05
7.783985453808567e-06
5.146203653903467e-05
-7.898834657828338e-05
1.766474216836177e-07
-4.039672296373844e-07
3.2550308443097514e-07
-1.6030624642652325e-07
-2.7444277773743496e-07
3.235134790851543e-07
8.659637401767195e-08
-2.6197729448183596e-07
-1.6804931059702814e-07
5.515459627077976e-07
-4.3561305299921406e-10
8.950223152014433e-10
-7.255883435438352e-10
4.41481243279785e-10
4.798202402046555e-10
-7.231497327087458e-10
9.265812877059702e-11
3.186847416176e-10
5.941625622532988e-10
-7.58989952327097e-10
-3.4181678108228254e-10
5.381986294361567e-10
2.1227919809876982e-10
1.0580540621998972e-10
-1.092700983420556e-09
