0.10164437412298413

4.393777031177318e-13
-0.0002155252985954551
-0.0032206926996217284
0.002375017850638113
-7.691804830508862e-06
5.7362144207458363e-05
-3.8856012869748665e-05
7.309183264355515e-06
5.182215538983587e-05
-7.90752110727242e-05
1.788289382907315e-07
-4.045012329466734e-07
3.269515788053271e-07
-1.5992332265349783e-07
-2.7523066667443695e-07
3.2526760142249096e-07
9.057299881919872e-08
-2.6290926816268057e-07
-1.7112257218505282e-07
5.53207208987725e-07
-4.404060667215307e-10
8.971718693121794e-10
-7.288191861973418e-10
4.393663847669487e-10
4.839131665820803e-10
-7.27068412257264e-10
9.494895643695825e-11
3.1359670000423596e-10
5.98556449025296e-10
-7.633471010128216e-10
-3.537144883956229e-10
5.416483027388851e-10
2.1426735472766097e-10
1.1212518568012158e-10
-1.0970923229404713e-09
