0.10167735918947735

2.888238607209466e-13
-3.924795696904169e-05
-0.002900859642334852
0.0022424827276416293
-1.0967717398526245e-05
5.637113254392751e-05
-4.086783445051091e-05
2.536158095854053e-07
5.5791318008268544e-05
-7.960960444401626e-05
2.0364667051034759e-07
-4.0925347247015076e-07
3.4343187587003653e-07
-1.498821085946166e-07
-2.866622639654459e-07
3.46179972288106e-07
1.4434053592270268e-07
-2.66887031811625e-07
-2.107867145392513e-07
5.716865183793328e-07
-4.962033389451197e-10
9.229977959447972e-10
-7.682003660027823e-10
4.03181659196763e-10
5.460105023533823e-10
-7.75050425847787e-10
1.182795201512709e-10
2.39814512252816e-10
6.615378280480365e-10
-8.175891607416167e-10
-5.057588528751288e-10
5.69433727317621e-10
2.2976591390493247e-10
1.9730157084252406e-10
-1.1489913809497567e-09
