0.10253341083574072

1.2852782275161676e-13
9.631863493251639e-05
-0.002480091003907367
0.0020732457533730324
-1.361711704596448e-05
5.405626912501995e-05
-4.16232142880044e-05
-7.568902296509481e-06
5.9133327044761835e-05
-8.038894482606652e-05
2.2248317341447152e-07
-4.0763128586444605e-07
3.5679570615811183e-07
-1.2653090079872236e-07
-3.0855829858360477e-07
3.6326742866064037e-07
1.9732018343174204e-07
-2.622879530611888e-07
-2.448293582607461e-07
5.908821294457551e-07
-5.398168721886395e-10
9.399708905085197e-10
-8.070722419530266e-10
3.4124739904544e-10
6.318517367488596e-10
-8.230217235566162e-10
1.1622829144023414e-10
1.671188172228042e-10
7.499405781377911e-10
-8.686051281409326e-10
-6.41209575961496e-10
5.825262219451725e-10
2.2290712944815004e-10
2.677242834711746e-10
-1.200030235325312e-09
