0.10319145770958521

1.0927510078122043e-13
0.00011309014880774061
-0.002421742767157423
0.0020446177913194994
-1.4000276342098762e-05
5.363430442213212e-05
-4.1613665053645946e-05
-8.708781787412221e-06
5.974925215593945e-05
-8.06757176990108e-05
2.2527081901173602e-07
-4.068453394518269e-07
3.588100482962689e-07
-1.2175064529647143e-07
-3.137985728742627e-07
3.6581501047082843e-07
2.0498034795431043e-07
-2.620102132060345e-07
-2.495220576498725e-07
5.947311719998953e-07
-5.462372140464278e-10
9.41636967425395e-10
-8.135736556762599e-10
3.288497762801269e-10
6.481602294708391e-10
-8.314080712113011e-10
1.1315095484330088e-10
1.576929767453511e-10
7.672981854716864e-10
-8.769234594793329e-10
-6.602608453477133e-10
5.860918882244025e-10
2.2040981511709245e-10
2.761946935910235e-10
-1.2091715857334137e-09
