0.12183217279057859

1.318996688313476e-13
4.908852549524345e-05
-0.002099710885290827
0.0017318980505244845
-1.6261287951826085e-05
5.1862630211790915e-05
-4.045241606928197e-05
-1.7868491079925875e-05
6.727461545165518e-05
-8.486706336072481e-05
2.494667948750392e-07
-4.0693744062273353e-07
3.7566237206323587e-07
-7.636263337064412e-08
-3.9090925621722763e-07
3.9850213581998336e-07
2.730666476231126e-07
-2.6318378427570554e-07
-2.9493077970767827e-07
6.384193719654392e-07
-6.083759400299513e-10
9.68355138458715e-10
-8.777293481968806e-10
1.8974291093350387e-10
8.698320717653301e-10
-9.342015463358689e-10
8.89200648376747e-11
7.690209648129148e-11
9.784284653159565e-10
-9.82615636624672e-10
-8.399540206399552e-10
6.42832729490179e-10
1.7315840803985967e-10
3.561403257796363e-10
-1.305070904896751e-09
