0.12725610207369878

1.69387095699825e-13
-2.1196371551172876e-06
-0.0020727761269065115
0.0016656270523477622
-1.6437726095670828e-05
5.195455012153512e-05
-4.010990116137932e-05
-1.93733869736941e-05
6.891060852409848e-05
-8.579132473042509e-05
2.5355774190505313e-07
-4.086513835500043e-07
3.7842335072043455e-07
-6.829423195099459e-08
-4.093676044026294e-07
4.0628895285969644e-07
2.854575529556055e-07
-2.6341926826706473e-07
-3.0411336940988393e-07
6.472910321742682e-07
-6.202963303035141e-10
9.76106917337057e-10
-8.899895050302864e-10
1.6093699436245475e-10
9.225071017247434e-10
-9.57313779211882e-10
8.670295699973353e-11
6.16750201755648e-11
1.0247671094269199e-09
-1.0072616430153229e-09
-8.746157510737427e-10
6.559118914337194e-10
1.6032487577059285e-10
3.731638590932447e-10
-1.323900472261424e-09
