0.1291618550328241

1.851794323005927e-13
-2.2849318012144322e-05
-0.0020695160732610335
0.0016449541108202925
-1.6463090525706202e-05
5.206519013893629e-05
-4.001610232850699e-05
-1.9808580063828585e-05
6.94458598617999e-05
-8.608877456251368e-05
2.5482655092906914e-07
-4.095803039557323e-07
3.79311240437575e-07
-6.607501896610802e-08
-4.1542213225325327e-07
4.0903162556590025e-07
2.8929393900404195e-07
-2.6351791214699215e-07
-3.0715640455496337e-07
6.501001786753575e-07
-6.241762766704205e-10
9.792060045543398e-10
-8.939038926717728e-10
1.521077703119483e-10
9.399982690201194e-10
-9.650730578617448e-10
8.680269175869263e-11
5.6749631417688034e-11
1.0396097974913595e-09
-1.0156846994588252e-09
-8.85787105823759e-10
6.603148902253867e-10
1.5602649017308763e-10
3.790904996717366e-10
-1.3298394443303672e-09
