0.1741138304478923

6.558539599815695e-13
-0.0005689584210148446
-0.002211509651777486
0.0011962923711071206
-1.6436710343110437e-05
5.7953581461552876e-05
-4.0464815755914984e-05
-2.665381306224451e-05
8.11336498857033e-05
-8.999302741073766e-05
2.85027430735395e-07
-4.489607193642397e-07
4.0210384758322084e-07
-4.006141025491641e-08
-5.345754262686226e-07
4.830582697613957e-07
3.6212915820551745e-07
-2.637968157280614e-07
-3.9072099883956557e-07
6.976585112760192e-07
-7.197206947107674e-10
1.0800480032423511e-09
-9.769104428868148e-10
-8.794474461617013e-12
1.3155596508604271e-09
-1.151456998307281e-09
1.4091247716920024e-10
-6.939009050943074e-11
1.326510113632765e-09
-1.2223367162394314e-09
-1.1258420526337569e-09
7.544583819248474e-10
7.030853176101789e-11
5.777859746708867e-10
-1.4401509794449077e-09
