0.1845821739752364

8.650011298744706e-13
-0.0008011427415921113
-0.002399693535817885
0.0011115638466680437
-1.436023582322746e-05
6.106094289479592e-05
-4.2607946166814636e-05
-2.3126422463717548e-05
8.084325467934502e-05
-8.677701106617418e-05
2.794316575900376e-07
-4.7096157803529743e-07
4.0761935764108635e-07
-4.3615117915546264e-08
-5.434345085327532e-07
5.050931662555344e-07
3.3609875078574515e-07
-2.4363266932922467e-07
-4.149506787663763e-07
6.831783429763259e-07
-7.18837813872238e-10
1.1288114058924939e-09
-9.865237578133392e-10
-2.13714088328294e-11
1.3731408174691458e-09
-1.2011046480181507e-09
1.590075228323619e-10
-9.248986472436314e-11
1.3387410851389085e-09
-1.2700643608650403e-09
-1.0653994118652622e-09
7.234220620809826e-10
3.3087381834285996e-11
6.815966038094814e-10
-1.4230618087851974e-09
