0.19459543442205324

1.0724869971598013e-12
-0.0010057988116586262
-0.002648046635968241
0.0010634915770447095
-1.2404697136233473e-05
6.490142697724528e-05
-4.6008943941219125e-05
-1.8565223828344876e-05
8.054638122171659e-05
-8.338378889414218e-05
2.758121267311481e-07
-4.988130281576333e-07
4.1817862160031123e-07
-5.252313070881999e-08
-5.461625381130864e-07
5.317371887047822e-07
3.040352515208306e-07
-2.249362637544159e-07
-4.428419871128146e-07
6.682501564359748e-07
-7.22130015860688e-10
1.190214406892722e-09
-1.0026051054216602e-09
-2.113968606959424e-11
1.4171294387452535e-09
-1.259234521436778e-09
1.8411460069706853e-10
-1.1492749209157981e-10
1.3370887504481623e-09
-1.323922719593344e-09
-9.935623839837408e-10
6.940057905957384e-10
1.2929276939242468e-12
8.004036658607424e-10
-1.4071511080093903e-09
