0.022735312327366558

-3.2018044924827297e-13
0.0005956107645625745
0.0008305548139419308
-0.0006529827789194489
-1.2048798523527912e-05
-7.659660334388068e-06
-2.1836217542228786e-06
-1.8356492468264985e-05
2.1024844005796846e-05
-8.157363236138357e-06
8.531977127081336e-08
1.6921336717770057e-09
6.444829075512891e-08
1.0836537782776183e-07
-1.2821333754673297e-07
6.527681999617807e-08
1.1752203105998499e-07
-2.748008537264944e-08
-1.5007565276564087e-07
1.2416825591035507e-07
-1.8670636113008318e-10
7.084011488836717e-11
-1.8289825955305502e-10
-2.2940919821940084e-10
3.3193148792750345e-10
-2.1442211229272952e-10
-1.494415027381983e-10
-8.778640199186565e-11
3.960881070181703e-10
-2.1024936582329774e-10
-2.648054799497482e-10
7.76606388245839e-11
4.810479530946084e-11
2.806030789398261e-10
-3.09832560798474e-10
