0.03426631508991956

-4.399686399143589e-13
0.0010377440158220433
0.0011452623992791833
-0.0011205449612661641
-2.1489794469491134e-05
-1.2084925174923256e-05
-8.889582281926174e-07
-2.7845265079705028e-05
3.653887950129703e-05
-1.1914892691233088e-05
1.4553032207246183e-07
1.4519587330244032e-08
8.421083204106471e-08
1.5774387894474851e-07
-1.9288769741003966e-07
8.116286114863274e-08
1.8242084972340057e-07
-7.098989886101703e-08
-2.46967723228787e-07
1.9996801116224931e-07
-3.1093532149646765e-10
6.711517564469226e-11
-2.5057415319205325e-10
-3.1329433499510044e-10
4.664446748822887e-10
-2.72632316375293e-10
-2.410079549895477e-10
-7.396817714549525e-11
5.855873268981701e-10
-2.879381835188098e-10
-4.113910355791746e-10
1.285332888614691e-10
1.7148711192404024e-10
4.370446327745069e-10
-5.074045291897325e-10
