0.04862323744358625

-2.7584000733751377e-13
0.0009907074965878424
0.0009612419498546613
-0.0012858617019296252
-2.446479315211011e-05
-8.775633261202775e-06
-3.5813042728659307e-07
-2.9623019584059046e-05
4.551305140520125e-05
-1.4766540943775873e-05
1.7186508218492107e-07
-4.3430461764905735e-09
9.03638263343305e-08
1.5597032019094064e-07
-2.3355598302401907e-07
9.631671000144783e-08
2.032916736393113e-07
-9.781215963043259e-08
-3.009097595853124e-07
2.450650734134032e-07
-3.735081714656128e-10
1.0258430202892369e-10
-2.781919752606159e-10
-2.9980955388682376e-10
5.541508572288393e-10
-2.995838931152878e-10
-2.521696409081738e-10
-3.417194147943083e-11
6.722632343667228e-10
-3.4469951665099674e-10
-4.655057477432354e-10
1.471103084730966e-10
2.4922690542170075e-10
5.287192124277337e-10
-6.216619852129808e-10
