0.06895250796287669

1.7419618052206755e-13
0.0005127234421823763
0.0002771036752346226
-0.0012105757386734713
-2.225759030214425e-05
1.4973883324145907e-06
-5.416500307908047e-08
-2.434310617807102e-05
5.050212720592499e-05
-1.7917191480338317e-05
1.7237626081785637e-07
-5.1612353536878806e-08
8.58763024430033e-08
1.1316778725761518e-07
-2.6441476034688475e-07
1.1188481467719109e-07
1.8407650524583095e-07
-1.168834680226851e-07
-3.2301798895794984e-07
2.739609180703638e-07
-3.902173853891833e-10
1.7365173300161399e-10
-2.7707486372337687e-10
-2.054118518113329e-10
6.174740178765419e-10
-3.049573554195873e-10
-2.083753891474738e-10
4.679838702072506e-11
6.910789885328599e-10
-3.906677576035716e-10
-4.3131470672867663e-10
1.449980010265865e-10
2.9789112646232684e-10
5.67248732612393e-10
-6.865310513873155e-10
