0.07273210356460788

2.6555489795556346e-13
0.00041001986738444245
0.00013477001701856046
-0.0011861695350093193
-2.1617300263862988e-05
3.5757195076908854e-06
-1.4363421718081207e-08
-2.3066090332305904e-05
5.1137154041955497e-05
-1.8452245787511365e-05
1.7113551545944588e-07
-6.094690163408641e-08
8.457133460389427e-08
1.0392439718928024e-07
-2.6914878494277274e-07
1.1455715283687285e-07
1.7863599410856606e-07
-1.1972842862498513e-07
-3.250693965930015e-07
2.778774236935667e-07
-3.906558433226539e-10
1.8727515938822843e-10
-2.7536877843346643e-10
-1.857510723925703e-10
6.26986883493715e-10
-3.049349967596568e-10
-1.982056382710432e-10
6.2466001996177e-11
6.908161491920503e-10
-3.978923144146046e-10
-4.2079364925477094e-10
1.4388155919236313e-10
3.0435896155836484e-10
5.710454422203892e-10
-6.946389236983342e-10
