0.09239755374719313

7.696710088694539e-13
-0.00017021166419448405
-0.000658299952493632
-0.0010303068374815556
-1.7494935502462502e-05
1.511916301524493e-05
-3.241886032612643e-07
-1.5306616771515214e-05
5.330997350654853e-05
-2.0534727158053623e-05
1.6069206124383763e-07
-1.1300262508717316e-07
7.73983680269453e-08
5.021749022095902e-08
-2.880459517531321e-07
1.3018818470123016e-07
1.435714710573036e-07
-1.305091474355896e-07
-3.315954530621355e-07
2.903776669532942e-07
-3.8562640662864284e-10
2.63603099700481e-10
-2.6243045195103553e-10
-7.678982750587631e-11
6.688479821396452e-10
-3.061535043338144e-10
-1.3213279701551855e-10
1.3817411234266277e-10
6.728711990765176e-10
-4.350242707045341e-10
-3.5389873931224705e-10
1.349523955698651e-10
3.2718419498818856e-10
5.917460253266908e-10
-7.189220520982027e-10
