0.10902521963425157

1.2586189726429847e-12
-0.0007216194935972015
-0.0014583616372525693
-0.0008596393230649631
-1.2685673961082577e-05
2.591994888498232e-05
-1.6117193021908832e-06
-5.412844454201025e-06
5.320088366434188e-05
-2.0436918986691004e-05
1.4395541934344505e-07
-1.627691992424958e-07
7.085580020163569e-08
-2.6137299512881942e-09
-2.9228583337012635e-07
1.4476517481958747e-07
8.876013363919151e-08
-1.314983254158241e-07
-3.3308375133735095e-07
2.859585100162582e-07
-3.6563008167372977e-10
3.3744000898973694e-10
-2.436931137534929e-10
3.047937365642924e-11
6.803857264848206e-10
-3.0799377713653975e-10
-6.954299082863024e-11
2.085204994578165e-10
6.218625890310626e-10
-4.6162347818184135e-10
-2.338203287832454e-10
1.087913198689681e-10
3.3423529844783345e-10
6.23040598445985e-10
-7.097967589193845e-10
