0.11143978718468775

1.3484970574355415e-12
-0.0008207758891466053
-0.001606301020899072
-0.0008295957982284469
-1.15483110597141e-05
2.7865707469280697e-05
-2.414345705452179e-06
-2.892773270121475e-06
5.248747780148202e-05
-1.948055669161316e-05
1.3911936029064421e-07
-1.73110843973366e-07
7.077346571863199e-08
-1.2407958771671825e-08
-2.8838148382866665e-07
1.4898403945947124e-07
7.197752942611551e-08
-1.27007176340586e-07
-3.3467580230214475e-07
2.7924668101398975e-07
-3.5849672581041557e-10
3.548935097080578e-10
-2.401357682848855e-10
4.99408220096999e-11
6.762152238963457e-10
-3.122846832231217e-10
-5.729113722031366e-11
2.1660806004550233e-10
6.026192139134853e-10
-4.67225366604314e-10
-1.9385185865415866e-10
9.525521709868575e-11
3.296391907778445e-10
6.421880042174222e-10
-6.980386297245109e-10
