0.11266455065781189

1.417626802683169e-12
-0.0008843153362276756
-0.0017366182106503779
-0.0008026823933366254
-1.0591633793468338e-05
2.9205073430431148e-05
-3.2490600237416335e-06
-1.886708034212151e-07
5.1554431333258615e-05
-1.82569214727378e-05
1.3423468828602983e-07
-1.8054356294179272e-07
7.087671493887972e-08
-1.9785407329348786e-08
-2.818812323758469e-07
1.5146909356349305e-07
5.2314864914582976e-08
-1.2226626873462208e-07
-3.3533836013413547e-07
2.708849682662799e-07
-3.4983153158234643e-10
3.674175655755453e-10
-2.3595858752905756e-10
6.668720333431573e-11
6.632106693909964e-10
-3.1466682404257885e-10
-5.1666701659338354e-11
2.266040083012171e-10
5.789125402855877e-10
-4.680524893792953e-10
-1.4403993921812254e-10
7.999185858823198e-11
3.259798812935075e-10
6.601366759737709e-10
-6.833743662089033e-10
