0.11385636333448307

1.4899746202407331e-12
-0.0009453258867888866
-0.0018759881124462744
-0.0007770162742359809
-9.598339142910768e-06
3.0484099968036986e-05
-4.142234313691063e-06
2.819671255898816e-06
5.050848282018362e-05
-1.6840810075131376e-05
1.2896354784486472e-07
-1.876568611260209e-07
7.095860453445053e-08
-2.6952230832693115e-08
-2.744727698309758e-07
1.5379172347744823e-07
3.014751242484748e-08
-1.1714297232236094e-07
-3.358642435560536e-07
2.61218375465553e-07
-3.4012633533434253e-10
3.793021052308034e-10
-2.311318515425538e-10
8.306755400526436e-11
6.476778493143273e-10
-3.171602250813533e-10
-4.729368915739947e-11
2.376500996053792e-10
5.526672826529797e-10
-4.679513357314243e-10
-8.756108698361254e-11
6.369737955472111e-11
3.2177552685429085e-10
6.79544906744677e-10
-6.663167023272797e-10
