0.11512658311051557

1.565854828036148e-12
-0.0010087601902968924
-0.0020238179769467963
-0.0007489969477466084
-8.53914004896876e-06
3.1770789688990376e-05
-5.035199227747091e-06
6.0349334972273744e-06
4.938943166619917e-05
-1.5403280100512532e-05
1.2321836256232418e-07
-1.9475321491103413e-07
7.098011523010744e-08
-3.4049110218876634e-08
-2.6694713438583417e-07
1.5593151299879452e-07
6.320941913570802e-09
-1.1184798334996363e-07
-3.358068407381383e-07
2.5119134436814775e-07
-3.293417566416297e-10
3.910593308401732e-10
-2.2601695801685127e-10
9.962894958326824e-11
6.311116529744239e-10
-3.195682879130162e-10
-4.410134206364667e-11
2.5034373596783635e-10
5.254679739483014e-10
-4.672401045363427e-10
-2.63754663569755e-11
4.676170389191739e-11
3.1686856390151136e-10
6.98156696985873e-10
-6.483617236454726e-10
