0.11416861353919647

1.7007812918444583e-12
-0.0010505913743688773
-0.0024059755888800782
-0.0006508322491043157
-6.061647594008256e-06
3.21261082367898e-05
-5.857695279233056e-06
1.63474233164066e-05
4.541782306067671e-05
-1.2113291272035575e-05
1.0281369852831075e-07
-1.9444234595652333e-07
6.63669765179276e-08
-3.8887543526062465e-08
-2.42735030113875e-07
1.4420780248991304e-07
-7.73303090760435e-08
-1.024750012777475e-07
-3.1619271629648e-07
2.237818527142803e-07
-2.8100270787781674e-10
3.8326436674075676e-10
-2.0204117996479686e-10
1.332385204118208e-10
5.421701327002977e-10
-2.9972542417842353e-10
-8.82692952021566e-11
3.272414638166343e-10
4.394798313424676e-10
-4.259518106156937e-10
2.0845343106416994e-10
-1.3479489421843062e-12
3.088195678616038e-10
6.898297050141781e-10
-5.932619701600009e-10
