0.11051775853921816

1.6693684234244207e-12
-0.0009504235009579768
-0.0024605767843859597
-0.0006205263312485934
-6.071303752217278e-06
2.9913183910276002e-05
-4.996939481493363e-06
1.934965451378502e-05
4.414495646059097e-05
-1.1808930737732409e-05
9.668851410620191e-08
-1.8041568877971524e-07
6.260342011021877e-08
-2.988337982123058e-08
-2.343010081196832e-07
1.2972258341916378e-07
-1.0599171260273781e-07
-1.0500990574692018e-07
-3.0036246246497737e-07
2.185018311003707e-07
-2.604855971885735e-10
3.535655304508562e-10
-1.9072245058150254e-10
1.3271348965061035e-10
4.915492990682326e-10
-2.7717863330545366e-10
-1.3338661840028934e-10
3.712292735867024e-10
4.1285742535872286e-10
-3.9033728088903434e-10
2.994761993804772e-10
-1.1451815108595126e-11
3.1464173170731967e-10
6.504847403457959e-10
-5.794388314418833e-10
