0.08024859378901136

1.1757447099128532e-12
-9.447605368815616e-05
-0.0023164205067255166
-0.0004284736384358185
-7.97235333078934e-06
1.0032434644183219e-05
3.3400032970311354e-06
3.107922400616518e-05
3.6716548751746163e-05
-1.484525033488704e-05
6.133675272948636e-08
-6.391611971196588e-08
4.151017591657667e-08
6.488660098135964e-08
-2.0272555302575282e-07
2.3785927407120644e-08
-2.4649559207189657e-07
-1.2417726823322632e-07
-1.8026496614214178e-07
2.1404271422499239e-07
-1.2997141993848254e-10
1.2552161817827393e-10
-1.409370268533074e-10
6.833572921903319e-11
1.9759092677616367e-10
-1.2629576564145817e-10
-4.871262219075972e-10
6.448496641566065e-10
3.220961553908463e-10
-1.474562926459301e-10
8.02489811958625e-10
-5.8134759620039463e-11
3.3502548078331565e-10
3.046159508955566e-10
-5.377996757199077e-10
