0.07837606004162917

1.1408483106305213e-12
-5.052018610012291e-05
-0.002293034292711073
-0.0004115383396382752
-7.987929522218834e-06
8.859953305521972e-06
3.877903304011015e-06
3.1527219209555135e-05
3.617551515539635e-05
-1.5214914382936916e-05
5.8667660676107175e-08
-5.7333072886706744e-08
4.043133188407789e-08
7.095949075310825e-08
-2.0177524969891475e-07
1.7665288717796226e-08
-2.5332921200600145e-07
-1.2440473954478127e-07
-1.7217967989545914e-07
2.1458537091260055e-07
-1.2132337503135523e-10
1.1318025055411703e-10
-1.3901273491114816e-10
6.377076547503133e-11
1.8299800137218466e-10
-1.1791552069872297e-10
-5.082905805586346e-10
6.596556970383968e-10
3.1939056038607164e-10
-1.337867665053663e-10
8.293815341153238e-10
-6.180096403426579e-11
3.33459323591785e-10
2.811202143999708e-10
-5.362609247553505e-10
