0.0694774239900672

9.593129385433441e-13
0.00012503644009491394
-0.0021246696503561687
-0.000317042225477793
-7.717785100873465e-06
3.6418068995169435e-06
6.276610755367934e-06
3.257859434196585e-05
3.332381147858639e-05
-1.739481023881721e-05
4.475372523440823e-08
-2.970853930059399e-08
3.6833657426333484e-08
9.978911834952411e-08
-2.000605321874035e-07
-8.404243751712351e-09
-2.7848946931324706e-07
-1.2105215843853049e-07
-1.3375031605927364e-07
2.1938516194515364e-07
-7.976528920154024e-11
6.423929428960061e-11
-1.3509369778855446e-10
4.085757184543947e-11
1.278824828395995e-10
-8.395794094166294e-11
-6.030171972187015e-10
7.184453354848889e-10
3.161639412298638e-10
-7.658274388730317e-11
9.394082148675241e-10
-8.372143422874285e-11
3.1593750332475536e-10
1.698735170602288e-10
-5.324600407561737e-10
