0.059239339701899624

5.072094984068706e-13
-0.00019542495234522845
-0.0011427321935062063
0.00011328291358025438
8.96631810546302e-07
-2.1817318923847053e-06
1.0535336215780922e-05
2.412139245777848e-05
2.1494675352293438e-05
-2.9144394996386864e-05
-2.1768169899439055e-08
-2.367977310487933e-08
4.851112660673046e-08
1.7616865997193667e-07
-2.592881913742311e-07
-2.202606117575668e-08
-2.6897952338539727e-07
-3.737507694372912e-08
-3.197953431789416e-08
2.6037585402488954e-07
5.3593999574856883e-11
1.0206559794915327e-10
-2.0271473745365703e-10
-5.610601090225543e-11
2.5158987058149473e-10
-1.120058219545284e-10
-7.733874944960904e-10
7.204919829373357e-10
4.782345968428945e-10
-6.720494885564567e-11
1.0487640400609399e-09
-2.1644716746205248e-10
7.701913731156512e-11
-9.666393153999319e-11
-5.62719424624607e-10
