0.09287099705889562

7.102142110591354e-13
-0.0020237480230692693
-0.00038448956991963146
0.0006929935135844882
2.194212694662037e-05
1.3776968632932374e-05
8.23715262830544e-06
9.95945897510122e-06
8.270307303683792e-06
-4.484582392586203e-05
-1.1682392287345893e-07
-1.5653268668904634e-07
8.97369743260368e-08
1.9570904680432777e-07
-4.094586662802801e-07
7.841074719866998e-08
-1.8967207002488791e-07
1.2841366251293196e-07
2.372263262109309e-08
3.194709543173542e-07
1.7699620726278054e-10
4.3681748190647056e-10
-3.624759019061114e-10
-1.4879916759545045e-10
7.948775845648962e-10
-3.5550292326983715e-10
-7.054642499158459e-10
5.051283531209778e-10
8.360434103586344e-10
-3.279105505653976e-10
9.150151024257065e-10
-3.962529875809766e-10
-3.969645716747741e-10
-1.65517283058131e-10
-6.217383066130769e-10
