0.09210342102956207

7.443529946186867e-13
-0.0023467061950878183
-0.0004869531090665393
0.0010359694187606896
2.698115791603849e-05
1.985238230706729e-05
5.046448854739758e-06
1.1889854279076211e-05
2.862881527657836e-06
-4.712913267842554e-05
-1.409346616565924e-07
-1.9716253209619637e-07
1.0106658376320814e-07
1.666630635903806e-07
-4.0032744158159105e-07
9.596519433094857e-08
-2.021611874530879e-07
1.5587761081790293e-07
4.970487856592194e-08
3.1770222848211763e-07
2.156158974609924e-10
5.213638795579316e-10
-3.8308407783409086e-10
-8.272169993370897e-11
7.985798049297052e-10
-3.800630813765858e-10
-6.545246536881406e-10
4.898194956175894e-10
8.036950870425244e-10
-3.5417676151478515e-10
9.483128676061767e-10
-4.3845710051595164e-10
-4.646589245109882e-10
-1.9883072014566806e-10
-6.025861437967668e-10
