0.08315329062616886

7.070506324650487e-13
-0.0025637318845288678
-0.0007088766189650138
0.0015650210017451897
3.1798105174122486e-05
2.800498739659574e-05
-1.0120505066728174e-06
1.5908177829477283e-05
-4.1727201946480955e-06
-4.907062490509018e-05
-1.6325033708981695e-07
-2.501423837912808e-07
1.1919140424853837e-07
1.1047810654265344e-07
-3.570314936836582e-07
1.1461770179296252e-07
-2.2387405133553374e-07
1.7626881411974475e-07
8.169546499673597e-08
3.0950591493382976e-07
2.533637674820571e-10
6.252300334965128e-10
-4.031170374120984e-10
5.309869980196202e-11
7.16632010753788e-10
-3.9037170805494733e-10
-5.650264698878637e-10
4.817457069873002e-10
6.910069514419014e-10
-3.6631381027958923e-10
9.914793273877273e-10
-4.78347734301196e-10
-5.015350282488092e-10
-2.381742501190053e-10
-5.697715865188889e-10
