0.06614631628458567

6.258681016534779e-13
-0.0026898955018515133
-0.0010766397852849997
0.0022550395481592015
3.604585709531631e-05
3.901866492662831e-05
-9.886779204899168e-06
2.153930047670947e-05
-1.2292585033363664e-05
-4.9951356506016816e-05
-1.8041743927772336e-07
-3.1705905668260027e-07
1.406759100203412e-07
1.8532359614631623e-08
-2.753428538637798e-07
1.3443322520804182e-07
-2.4679493183928587e-07
1.8563929147501286e-07
1.1449314073216543e-07
2.915908854386336e-07
2.822336682942644e-10
7.464380060009438e-10
-4.1379205055971337e-10
2.7039039109864233e-10
5.457196113081392e-10
-3.7804326690649103e-10
-4.1330430150415927e-10
4.725416072871541e-10
4.867947706611027e-10
-3.638271673089288e-10
1.0127541485063946e-09
-5.091445845880279e-10
-4.92680360127395e-10
-2.7177686026205846e-10
-5.188189750014741e-10
