0.05391211449227601

5.932064128132503e-13
-0.00275670965460721
-0.001415941442979817
0.0027400627559076227
3.8778628883526276e-05
4.7032293638686343e-05
-1.6351297942342313e-05
2.6763903867084783e-05
-1.785637370454191e-05
-4.98852969861368e-05
-1.9102657551793638e-07
-3.636885413080912e-07
1.5448848086869925e-07
-5.1220345595362186e-08
-2.1145515838332473e-07
1.4677880102814949e-07
-2.699618875484596e-07
1.877200416210522e-07
1.3639081985617357e-07
2.7493316608078956e-07
3.0085220645541193e-10
8.270571784382362e-10
-4.1487251823115537e-10
4.3395225925752844e-10
4.061336544202503e-10
-3.628845232806538e-10
-3.014309443881903e-10
4.74516509733878e-10
3.2427108599267596e-10
-3.5568117564858184e-10
1.0406942706017034e-09
-5.266074880320084e-10
-4.733212522697783e-10
-2.901736233579734e-10
-4.763374626044051e-10
