0.04782798979432609

5.590349269092152e-13
-0.002740240168153941
-0.0016102799753190931
0.0030004696341442965
3.925310218630256e-05
5.185943283456451e-05
-2.068691762603623e-05
2.864897870973481e-05
-1.9430473049173697e-05
-5.042772405602554e-05
-1.8823380110721233e-07
-3.925047900444438e-07
1.6710823717796679e-07
-9.285709593707253e-08
-1.771890792731108e-07
1.5950600706551006e-07
-2.709012289513456e-07
1.8094510571089037e-07
1.3923620984087346e-07
2.7227501080516157e-07
2.9276776825376424e-10
8.787737955413074e-10
-4.2510981361439637e-10
5.256320776570909e-10
3.3494086768582284e-10
-3.6563565557025017e-10
-2.26176211384285e-10
4.6461440483914495e-10
2.423084698397798e-10
-3.645880986960904e-10
1.0151090696676302e-09
-5.158603972030674e-10
-4.4874703576145884e-10
-2.841062049771926e-10
-4.68484306481971e-10
