0.04401591104931046

4.961382725795455e-13
-0.0026189248711454686
-0.0017214268470183243
0.0031422024664209103
3.779797469756416e-05
5.4649023164027396e-05
-2.4068569322951576e-05
2.8342045555530818e-05
-1.8275737376211963e-05
-5.159483347295561e-05
-1.739493247898353e-07
-4.0976505626141963e-07
1.806597054893419e-07
-1.1994576023308947e-07
-1.5663272559982808e-07
1.7218267473118145e-07
-2.5532216417331004e-07
1.637462621397126e-07
1.3033027528414056e-07
2.7969373328346553e-07
2.630036342284297e-10
9.10890471212259e-10
-4.4236283746120154e-10
5.799871455934867e-10
2.918088162670855e-10
-3.772126764154939e-10
-1.6874302987718525e-10
4.477179483886137e-10
2.0147138141455714e-10
-3.8145986881205297e-10
9.451865138459813e-10
-4.782749199052868e-10
-4.105908797200829e-10
-2.666368958507298e-10
-4.846766856967155e-10
