0.046702121470524716

3.4282818672225184e-13
-0.0020079148258073556
-0.0019995279017888915
0.003179522359063695
2.7532029167410342e-05
5.80331453760332e-05
-3.0724974904647956e-05
2.2172899151481427e-05
-4.530965407825013e-06
-5.809904601482577e-05
-9.225693088794747e-08
-4.283601809248133e-07
2.2312427380394053e-07
-1.5951002751789997e-07
-1.503506692055679e-07
2.1358511866186778e-07
-1.6100727494367668e-07
6.84670382777544e-08
6.543596019000805e-08
3.3928494364352215e-07
9.847772668668998e-11
9.462596649653803e-10
-5.154745505284884e-10
6.224161314202774e-10
2.7277865173041877e-10
-4.481583425946726e-10
-4.643844201917316e-11
3.9010763918488407e-10
2.2444421149330755e-10
-4.679452238626749e-10
5.949987143341471e-10
-2.5391593732712167e-10
-2.499149583753454e-10
-1.8207718981131082e-10
-6.173951285802664e-10
