0.05226672704960317

3.224314203044167e-13
-0.0016929875277324313
-0.002187502670661513
0.0031018149535749287
2.1826727817881203e-05
5.822035856176662e-05
-3.2307251523132055e-05
1.9661040233679625e-05
3.887691601661627e-06
-6.155823861107504e-05
-4.919028201879744e-08
-4.255553896839358e-07
2.3925428471143663e-07
-1.6657763072407532e-07
-1.6106735988205726e-07
2.287380859611088e-07
-1.1858405126775216e-07
1.359439280744191e-08
3.226330649519044e-08
3.7223417509075396e-07
1.4054467250744679e-11
9.379851391505143e-10
-5.458315815471077e-10
6.126480953012842e-10
2.8220765086285435e-10
-4.811045191102339e-10
-1.3309507909178079e-11
3.795601268783611e-10
2.6302193919548206e-10
-5.056706006152017e-10
4.3547406214314725e-10
-1.2707946702033977e-10
-1.6629973839685262e-10
-1.483149438846982e-10
-6.89934602808082e-10
