0.05343302654714474

3.2111926195877465e-13
-0.0016388340987216175
-0.00222132407335276
0.0030846492269684975
2.083104516029669e-05
5.8196673886980116e-05
-3.253328059469323e-05
1.9254729839244947e-05
5.393905039769416e-06
-6.21628985045805e-05
-4.1707359139773595e-08
-4.2472140635249914e-07
2.419852071676935e-07
-1.6716919705730433e-07
-1.6358009248441807e-07
2.3132030537160808e-07
-1.1155123092872863e-07
4.026634791667021e-09
2.6407098515667538e-08
3.78065134269538e-07
-5.78744112428167e-13
9.35954229561804e-10
-5.511568951649068e-10
6.094286893030622e-10
2.8506977010175215e-10
-4.872418300126993e-10
-8.857048426245499e-12
3.782012452355384e-10
2.711152664250372e-10
-5.123789521229426e-10
4.0892034424118406e-10
-1.0481870338967478e-10
-1.5222645693080651e-10
-1.4233078558884237e-10
-7.027769719179744e-10
