0.06301222963957764

3.3416660496422487e-13
-0.0012696438350059279
-0.0024852502673318212
0.002947856353790432
1.3877259436385663e-05
5.794049199025415e-05
-3.39016427926628e-05
1.67972844046118e-05
1.6224154610521145e-05
-6.641125913085883e-05
1.0755331555020771e-08
-4.178140802489419e-07
2.606476629677613e-07
-1.692397826765858e-07
-1.8444675373062567e-07
2.4945814902272814e-07
-6.503102930303445e-08
-6.386305602959669e-08
-1.517894426369624e-08
4.19278453581124e-07
-1.031363379623029e-10
9.194123021825561e-10
-5.881927321191672e-10
5.808754031311667e-10
3.1096108300395094e-10
-5.32470742071247e-10
1.745598655757618e-11
3.724148652524751e-10
3.335389360568147e-10
-5.605958870626169e-10
2.301819687675815e-10
5.35611095721693e-11
-5.512219574703649e-11
-9.926510711600331e-11
-7.935261582905743e-10
