0.07297898417099541

3.80992755346121e-13
-0.0009795850433484301
-0.002756181518007201
0.002815625780261099
8.189280773912598e-06
5.7629241049952365e-05
-3.468036464145941e-05
1.5552176229977696e-05
2.5552643411607066e-05
-6.998382821916828e-05
5.3909936204912103e-08
-4.1036091675014775e-07
2.750983440334729e-07
-1.684048437873049e-07
-2.060503679463467e-07
2.639308186577892e-07
-3.198628066124762e-08
-1.2189999349015102e-07
-4.936763984961127e-08
4.537794022328915e-07
-1.8714272107715602e-10
9.013983344442666e-10
-6.175447692297143e-10
5.500566444564033e-10
3.3823524336446404e-10
-5.717273588242735e-10
3.1480336916966704e-11
3.758681611425876e-10
3.9149002985006895e-10
-6.006540528650814e-10
9.663101431891461e-11
1.8863105405254854e-10
2.3862463753594e-11
-6.478814165052974e-11
-8.690612428726831e-10
