0.07958631832609808

4.199993577783685e-13
-0.0008240814051393064
-0.0029234275453381164
0.0027331556855389218
4.9928973769769e-06
5.747776234671034e-05
-3.505355165090066e-05
1.4973760738725614e-05
3.1035154950008414e-05
-7.210687221685204e-05
7.854742025005135e-08
-4.0615541180646786e-07
2.8347097800853945e-07
-1.668481075061971e-07
-2.207230195341621e-07
2.728463389068389e-07
-1.3955583662054639e-08
-1.5518291316812817e-07
-6.93472827748269e-08
4.7411771550773297e-07
-2.353664259238093e-10
8.914268844765516e-10
-6.351592335113178e-10
5.289073603068122e-10
3.591500399638962e-10
-5.967691275886609e-10
3.7578739564732144e-11
3.786583176611448e-10
4.292391983180079e-10
-6.257004112225283e-10
2.249833530100648e-11
2.6717936767971225e-10
6.688435568092853e-11
-4.402036629836036e-11
-9.133818439986536e-10
