0.09998729657193114

4.913706201786836e-13
-0.00033295096306570465
-0.0032948046465723366
0.0024410003474048107
-5.443060371447537e-06
5.748659143954171e-05
-3.7572196526979666e-05
1.030838023011386e-05
4.8685038303378324e-05
-7.83013283121159e-05
1.6111127087607728e-07
-4.0157889570748336e-07
3.166703845909409e-07
-1.619543098475126e-07
-2.683754029630698e-07
3.126143441580803e-07
6.295096170004246e-08
-2.51694190073398e-07
-1.4823102221528155e-07
5.402087468282845e-07
-4.023251746101207e-10
8.851004748584551e-10
-7.063384813441001e-10
4.5549245518287084e-10
4.5517903204151545e-10
-6.984301004152816e-10
7.787674784192031e-11
3.4580943381792565e-10
5.662190868509326e-10
-7.317549834854298e-10
-2.6680028517810054e-10
5.071393762553273e-10
1.9457598382521748e-10
6.737306823722809e-11
-1.0636181488722585e-09
