0.10180228198669256

4.193650788687283e-13
-0.00018516878163560337
-0.003186549412350592
0.00235884663409394
-8.248446137321825e-06
5.730704589486396e-05
-3.9234536884915077e-05
6.35963497277722e-06
5.2542330215828544e-05
-7.924900001810788e-05
1.8319294320056702e-07
-4.0556894085237467e-07
3.2984873397420284e-07
-1.5915736543291648e-07
-2.768060205843646e-07
3.287766892955809e-07
9.852594217511077e-08
-2.6477366429522916e-07
-1.772682875295678e-07
5.565293202161462e-07
-4.4999380626889734e-10
9.014700643273363e-10
-7.352800368276905e-10
4.351369448388647e-10
4.920995229597898e-10
-7.349079291715036e-10
9.953076407660297e-11
3.0341984129930246e-10
6.073433076660736e-10
-7.720615342040759e-10
-3.7750949811744665e-10
5.485485004602219e-10
2.1824424708077053e-10
1.2476256238963726e-10
-1.1058736085207397e-09
