0.10196100935580066

3.9936396670130333e-13
-0.00015482918527123714
-0.0031524045227660762
0.00234266293269668
-8.80496208830822e-06
5.725200102557e-05
-3.9612921542237064e-05
5.410013089413386e-06
5.326248935033919e-05
-7.942270704293745e-05
1.875565430105833e-07
-4.0663693756529925e-07
3.3274544120784065e-07
-1.5839131272450346e-07
-2.7838159512653523e-07
3.322851706517186e-07
1.064791464404763e-07
-2.666376604683541e-07
-1.834140707470331e-07
5.598512598373446e-07
-4.5958116099998074e-10
9.057692236947317e-10
-7.417402333434761e-10
4.30906828056338e-10
5.002860887354855e-10
-7.42746724644644e-10
1.041122937286505e-10
2.9324364390476114e-10
6.161300159868853e-10
-7.807750095076471e-10
-4.0130462927911907e-10
5.554476525110608e-10
2.2222078322545371e-10
1.3740035260214885e-10
-1.1146548964703878e-09
