0.10162944209212871

2.626374664845941e-13
-1.603402791602076e-05
-0.002836140373357184
0.002217787499924768
-1.1409634459497486e-05
5.608236128108668e-05
-4.1062347465393955e-05
-9.773971752626744e-07
5.6307775396407145e-05
-7.96702720926231e-05
2.068328726921231e-07
-4.0941353654423304e-07
3.456028916128586e-07
-1.470924058277756e-07
-2.8918428124884946e-07
3.490114534173376e-07
1.529220726250083e-07
-2.66310237610112e-07
-2.1651411520623325e-07
5.743969094977269e-07
-5.035629927990282e-10
9.262815880817374e-10
-7.740859984873906e-10
3.9531700709834756e-10
5.578368538995128e-10
-7.821837166220594e-10
1.1982834396126728e-10
2.2777217586443758e-10
6.734063440718123e-10
-8.255727755348702e-10
-5.283869199617314e-10
5.714504468506654e-10
2.299391095275042e-10
2.096222205225636e-10
-1.1566393599568862e-09
