0.10220419193145841

1.3815157031808205e-13
8.793425153198888e-05
-0.002509255996925741
0.002087555547138469
-1.3425496005009781e-05
5.426719500459568e-05
-4.162796974693388e-05
-6.999047730240449e-06
5.882533326514433e-05
-8.024552796857187e-05
2.2108894159578508e-07
-4.080238825078942e-07
3.557883999190078e-07
-1.2892090650594527e-07
-3.05938055210661e-07
3.619934671666548e-07
1.9349041080431895e-07
-2.624265219181623e-07
-2.4248301653561813e-07
5.889575823427682e-07
-5.366058619838057e-10
9.391371032217858e-10
-8.038206202334954e-10
3.47445925433894e-10
6.236967835793007e-10
-8.188286827691537e-10
1.1776698289284443e-10
1.718311041991384e-10
7.412625628143397e-10
-8.644457938701733e-10
-6.316844216408233e-10
5.807429030199548e-10
2.2415597479410339e-10
2.6348858571047043e-10
-1.1954594882116596e-09
