0.10863601208950974

7.182447807004251e-14
0.00013525464136383554
-0.002229952310148622
0.0019210873148358574
-1.5289952450627213e-05
5.2376813710754615e-05
-4.1363622148889505e-05
-1.3106861656241867e-05
6.268493224369611e-05
-8.231761073288049e-05
2.3640691403781466e-07
-4.0538380777372753e-07
3.6705665687018246e-07
-1.0178461724317709e-07
-3.4185491206138346e-07
3.784405508904852e-07
2.36041282916259e-07
-2.619055945534979e-07
-2.6881195831853806e-07
6.129234593638457e-07
-5.732447578897432e-10
9.514644806522954e-10
-8.419960919997034e-10
2.72598571929862e-10
7.308175924299061e-10
-8.719848645431691e-10
1.010928868729548e-10
1.2063197668392452e-10
8.503851491284882e-10
-9.177442946996831e-10
-7.397301718446576e-10
6.067476841357353e-10
2.0441773410629157e-10
3.0978491340307873e-10
-1.2500879996561035e-09
