0.13106782575053338

2.009764345681485e-13
-4.358924447931212e-05
-0.0020662503827254732
0.0016242745098721996
-1.6488327483663738e-05
5.21757518229272e-05
-3.992218809601453e-05
-2.0243816846637083e-05
6.998107684868596e-05
-8.638616469159765e-05
2.5609483321812006e-07
-4.1050885237095994e-07
3.8019826013579226e-07
-6.3855381655652e-08
-4.214766991430596e-07
4.117740109936711e-07
2.931304810249393e-07
-2.636166373242663e-07
-3.101990783127604e-07
6.52909047413461e-07
-6.280556549466789e-10
9.823048161844919e-10
-8.978160100307407e-10
1.4327695868133338e-10
9.574901588900819e-10
-9.728325496474573e-10
8.690225999014247e-11
5.1824016723779876e-11
1.0544522362013187e-09
-1.0241067896530776e-09
-8.969587291686448e-10
6.647185441659255e-10
1.5172733396685133e-10
3.8501668463609187e-10
-1.335778008235489e-09
