0.180074105558924

7.504520274001423e-13
-0.000676500080777862
-0.0022808935148286432
0.0011447572474454699
-1.5660264034147098e-05
5.9410371484445224e-05
-4.1566572617118084e-05
-2.565207682525003e-05
8.15246224535049e-05
-8.888372722524084e-05
2.845646187947196e-07
-4.6017218447832973e-07
4.066972301432009e-07
-3.971128876048975e-08
-5.431459188769262e-07
4.963128416693279e-07
3.552863709430026e-07
-2.5503582905486444e-07
-4.05221387229852e-07
6.943971796648534e-07
-7.246094013906566e-10
1.1066371996261834e-09
-9.871275277516965e-10
-2.1885314994836255e-11
1.3558619371592034e-09
-1.1827573947197264e-09
1.5001235057490302e-10
-8.662851195065998e-11
1.3451626825665575e-09
-1.2529017314219974e-09
-1.1127257006914219e-09
7.454784903233843e-10
5.052914842821349e-11
6.318086264101948e-10
-1.4396083292449516e-09
