0.18197291027435059

7.964015177422795e-13
-0.0007268470599653117
-0.0023263744597781643
0.001129616899169239
-1.5148805173269988e-05
6.00617669916393e-05
-4.1983643012133517e-05
-2.4687560481503476e-05
8.12849540559671e-05
-8.805018316467867e-05
2.826189710342725e-07
-4.645186948531968e-07
4.0716980584983545e-07
-4.1021729476163394e-08
-5.436379058943913e-07
5.000318630383859e-07
3.4792147124150185e-07
-2.503951442586619e-07
-4.0940851609262726e-07
6.900771513455546e-07
-7.226032423008923e-10
1.115739449732182e-09
-9.872416517559834e-10
-2.244380140908571e-11
1.3639806694360036e-09
-1.1907180943079858e-09
1.534949515663599e-10
-8.9511375941422e-11
1.3436669951229276e-09
-1.260385235299329e-09
-1.0945887052073636e-09
7.367853449011362e-10
4.32116557361192e-11
6.524150748534191e-10
-1.4334113529246395e-09
