0.18707819328060132

9.174146371396022e-13
-0.0008601410540343128
-0.0024508232676332038
0.0010951121434093394
-1.3792027068528508e-05
6.192117268589708e-05
-4.325225963262781e-05
-2.212679842603601e-05
8.067709706389883e-05
-8.591585118137563e-05
2.777865631660976e-07
-4.77099846105919e-07
4.0928404879910077e-07
-4.511332196418226e-08
-5.448330050874152e-07
5.10894360637422e-07
3.2870361246584615e-07
-2.38195833728133e-07
-4.2098430237664436e-07
6.791065595958308e-07
-7.181785862878895e-10
1.1423256096564053e-09
-9.891247960841279e-10
-2.293324023859809e-11
1.3859714827367747e-09
-1.2138673666739615e-09
1.643120804985733e-10
-9.828774220264641e-11
1.3397847992713566e-09
-1.2821576964106395e-09
-1.0480691109716463e-09
7.14630461695617e-10
2.3519513948047982e-11
7.085740682988427e-10
-1.417983624532093e-09
