0.18869641697813305

9.51427501827802e-13
-0.0008945083653464954
-0.0024897034212037874
0.0010862180415383569
-1.3457738162165702e-05
6.251631985386766e-05
-4.376677404462288e-05
-2.138603273429442e-05
8.060281662504458e-05
-8.534502146845214e-05
2.7702179011084417e-07
-4.814145489411424e-07
4.107985859980851e-07
-4.63745691577071e-08
-5.453427605528938e-07
5.150163590680542e-07
3.233738220220393e-07
-2.3497987028071337e-07
-4.253274724459044e-07
6.765142324802073e-07
-7.183274887956716e-10
1.1518458199662704e-09
-9.913936822473874e-10
-2.3246926342429587e-11
1.3932230111956214e-09
-1.2229322231119697e-09
1.6799339278558863e-10
-1.0179727313221032e-10
1.339590178997877e-09
-1.290516950394425e-09
-1.0358284677229988e-09
7.094303786347402e-10
1.8042079183781755e-11
7.274648883384952e-10
-1.4150154297798674e-09
