0.18948319139041803

9.679793767944701e-13
-0.0009092346807509528
-0.0025115380731575124
0.0010828061070076043
-1.3312547547095013e-05
6.282484997779832e-05
-4.4066568671084866e-05
-2.0978608649056537e-05
8.058397894683802e-05
-8.506124253246766e-05
2.768041234788014e-07
-4.836841943347108e-07
4.117581532262307e-07
-4.713623945271486e-08
-5.453866396655608e-07
5.172052316548804e-07
3.2050982118109156e-07
-2.3357628438039733e-07
-4.276596685410155e-07
6.752791769636356e-07
-7.186945778586536e-10
1.1568632683558521e-09
-9.927943624189719e-10
-2.3038954474608227e-11
1.3961981382987095e-09
-1.2277447236987965e-09
1.6990505186779583e-10
-1.0337344837085403e-10
1.3390474976334814e-09
-1.294845501754778e-09
-1.0293656628629307e-09
7.07160642821903e-10
1.575429658045964e-11
7.373635505694034e-10
-1.4137401080059781e-09
