0.19184255749488088

1.0176220878050986e-12
-0.0009533699412041438
-0.002577056978582963
0.0010725727563415152
-1.2877408527218946e-05
6.375023884964356e-05
-4.496599390347798e-05
-1.975600236345078e-05
8.052750651489899e-05
-8.420987991793899e-05
2.7615233930726e-07
-4.904910608141169e-07
4.146373042682361e-07
-4.942187257846531e-08
-5.455178945140536e-07
5.237717705822564e-07
3.1191630337810697e-07
-2.293664582131721e-07
-4.34656158689163e-07
6.715737445229625e-07
-7.197959562767858e-10
1.1719104107750382e-09
-9.969990564800317e-10
-2.241531642504048e-11
1.405123486592254e-09
-1.242179848208628e-09
1.7564240081807595e-10
-1.0810253256108763e-10
1.337418876146664e-09
-1.3078322450410387e-09
-1.0099752261054793e-09
7.003538523253856e-10
8.890693524056667e-12
7.670603268437665e-10
-1.4099136724462948e-09
