0.19815460133081858

1.1582938463836533e-12
-0.0010899828147571252
-0.0027591197503715383
0.0010515251459491523
-1.1606008940998815e-05
6.662447697380937e-05
-4.734843945886042e-05
-1.664302053572167e-05
8.033166570832482e-05
-8.193136811433793e-05
2.742127339907564e-07
-5.102176971402378e-07
4.2140542836340916e-07
-5.865242371232264e-08
-5.450104906184129e-07
5.414461448780382e-07
2.91293254597818e-07
-2.182977411897933e-07
-4.5308906730579503e-07
6.612220464258075e-07
-7.229922837829066e-10
1.213743167233533e-09
-1.0061958469561414e-09
-1.5410207499260105e-11
1.4289994704050057e-09
-1.2782497283337589e-09
1.9846825838433226e-10
-1.2273753158960972e-10
1.3300672025637136e-09
-1.3425748446917665e-09
-9.666117309275254e-10
6.82507143909155e-10
-8.03551508978043e-12
8.454756955943554e-10
-1.3983773232124344e-09
