0.19872909845133624

1.174702456720913e-12
-0.0011063920855022985
-0.002780371237313494
0.0010495593186377384
-1.1444820023883936e-05
6.694304648822661e-05
-4.7563262067712344e-05
-1.626685723938194e-05
8.025586893126247e-05
-8.163079984405235e-05
2.7375516183214196e-07
-5.121702473659541e-07
4.216945547553954e-07
-6.000646118469742e-08
-5.444832615380149e-07
5.429126212652725e-07
2.887970180066376e-07
-2.1706929975945188e-07
-4.5468554955698415e-07
6.596177421202634e-07
-7.227610158396692e-10
1.217519056059537e-09
-1.0061474209130138e-09
-1.3783252284343172e-11
1.4302884375773912e-09
-1.2807995713761458e-09
2.013701488540096e-10
-1.2382459461663848e-10
1.3278004172554496e-09
-1.345216365980359e-09
-9.612750722932124e-10
6.800851155014642e-10
-9.45704500455888e-12
8.530899318120225e-10
-1.3960662487112873e-09
