0.1999453634339306

1.3646327556690904e-12
-0.0013367126346489797
-0.002967371385616138
0.001008211212688742
-8.854749869337435e-06
6.934377362936264e-05
-4.7093061309420625e-05
-1.1881316980871581e-05
7.72115970731965e-05
-7.658737703527405e-05
2.572672403747735e-07
-5.189313781216602e-07
4.044757438044142e-07
-7.899637317161695e-08
-5.261632439809747e-07
5.362323007282813e-07
2.560415014002527e-07
-1.9972046942846267e-07
-4.5298756756748857e-07
6.256730301785199e-07
-6.928116675273687e-10
1.216570059275817e-09
-9.629251812582515e-10
2.165825353273873e-11
1.4037986787651473e-09
-1.2489503536742573e-09
2.3128230982936275e-10
-1.1447427539894692e-10
1.262265209087917e-09
-1.3230733521470349e-09
-8.799289481008131e-10
6.278993222823755e-10
-1.4756850147122554e-11
8.865231760604163e-10
-1.3330991352583093e-09
