0.20244287929217547

1.5231164741260504e-12
-0.0015235035981368632
-0.003106627217396542
0.0009515268678428686
-7.11955436798064e-06
7.167163026232277e-05
-4.718103071530021e-05
-9.123803190844501e-06
7.559653306103632e-05
-7.258878934234992e-05
2.4808398520486835e-07
-5.279005158668904e-07
3.9361488616384225e-07
-9.463752356120578e-08
-5.150039813597724e-07
5.365044562788138e-07
2.3708998284892093e-07
-1.8660066466753927e-07
-4.598396182512345e-07
6.013388114608886e-07
-6.790289802457174e-10
1.224818915690909e-09
-9.351758912402086e-10
4.551975311564966e-11
1.3989035214779674e-09
-1.2352509207005517e-09
2.638778821313025e-10
-1.1935699103251667e-10
1.2215475584729422e-09
-1.3191628381884882e-09
-8.385973721809096e-10
5.92118126090104e-10
-1.7892568989861543e-11
9.33521813203412e-10
-1.2911281110160482e-09
