0.05162011865300943

-2.171818578107401e-13
0.0009340851003921267
0.0008755200389717353
-0.0012851767565712718
-2.4369423872714777e-05
-7.429602730994562e-06
-2.9654285878155494e-07
-2.9139941805946456e-05
4.6541114219079114e-05
-1.5281690291213436e-05
1.732768278182472e-07
-1.0765036691521453e-08
9.017261370797565e-08
1.5094599026560782e-07
-2.391082333310363e-07
9.883350813848505e-08
2.0232669933844785e-07
-1.0132485029025522e-07
-3.062278760414184e-07
2.507805509809772e-07
-3.7864082819408814e-10
1.1265014090923934e-10
-2.7952494522482044e-10
-2.8800395867947326e-10
5.657454282304507e-10
-3.013971425938158e-10
-2.4774103690163764e-10
-2.2849396721580875e-11
6.787984416601873e-10
-3.527975230357941e-10
-4.646294311534719e-10
1.4752413183844907e-10
2.589805903109618e-10
5.377657074918797e-10
-6.351772113393428e-10
