0.09909045949605735

9.50839047623642e-13
-0.0003804272650695327
-0.0009457850158362074
-0.0009701259898184337
-1.5838478903428608e-05
1.9205599868771613e-05
-5.671883693092077e-07
-1.2201838986936408e-05
5.367738771514894e-05
-2.097193657000408e-05
1.5565982120033088e-07
-1.3150071401054305e-07
7.475925997412917e-08
3.077053918028525e-08
-2.9272742069947744e-07
1.3573825556273284e-07
1.2824271551616453e-07
-1.3267215891337556e-07
-3.3255675375122927e-07
2.920167171472333e-07
-3.8100960010747153e-10
2.907867856530764e-10
-2.5660589816700213e-10
-3.807389606443226e-11
6.800801162402057e-10
-3.0676167098802555e-10
-1.0771390481439541e-10
1.6368698943355118e-10
6.61450239193785e-10
-4.468949563592706e-10
-3.230037598072476e-10
1.2959122201494344e-10
3.3160376566824126e-10
5.995179850990904e-10
-7.215365998107775e-10
