0.10744739806469333

1.2032374179766543e-12
-0.0006615737389327545
-0.0013645809435869857
-0.000879721114722417
-1.3322888032577342e-05
2.4732752022053845e-05
-1.2747249540358705e-06
-6.860770897707684e-06
5.348781080079138e-05
-2.079344393961224e-05
1.4659272033190937e-07
-1.5691356592514112e-07
7.130139584272023e-08
3.4292945659600145e-09
-2.9377916460102775e-07
1.4285597937399612e-07
9.79696397104975e-08
-1.3291944039600273e-07
-3.3278812183509827e-07
2.8873079602756043e-07
-3.6951741809669827e-10
3.2824337291249525e-10
-2.462108659850162e-10
1.8038115358372088e-11
6.826561487184138e-10
-3.0697093591613624e-10
-7.637197886318853e-11
2.0133787536772133e-10
6.32106061734284e-10
-4.5913967595847887e-10
-2.555317898658712e-10
1.1494329877595671e-10
3.3521703718440727e-10
6.155432389117878e-10
-7.148445792865488e-10
