0.11205225469083854

1.3830629215630698e-12
-0.0008525441824886048
-0.0016714615461167687
-0.0008161409903059189
-1.1069974942056957e-05
2.8535385096013597e-05
-2.831739138228577e-06
-1.540716352511354e-06
5.202099873628706e-05
-1.8868725268836995e-05
1.3667693449652743e-07
-1.768270551160958e-07
7.082528084737344e-08
-1.6096717596790246e-08
-2.851314481738613e-07
1.5022679002692696e-07
6.214618971209741e-08
-1.2463678439317873e-07
-3.3500731346073116e-07
2.7506578648957123e-07
-3.5416382317892923e-10
3.6115529894174635e-10
-2.3804757536132983e-10
5.831390454766019e-11
6.697126907345624e-10
-3.1347587968719135e-10
-5.447888689960271e-11
2.2160611957109502e-10
5.907664868309949e-10
-4.676396326684011e-10
-1.689458478894214e-10
8.762344739449822e-11
3.278097802228243e-10
6.511625953309461e-10
-6.907064168337784e-10
