0.1163189000113686

1.664883718789002e-12
-0.0010824144021213732
-0.002236357823427992
-0.0007019481739740163
-7.020395061037744e-06
3.311401528450658e-05
-6.00695209244021e-06
1.0977754444951025e-05
4.7586291355334046e-05
-1.3522141782198036e-05
1.137592287323874e-07
-2.017059032164747e-07
7.014657731713901e-08
-4.1713942475551455e-08
-2.5593081001190554e-07
1.5591974304682258e-07
-3.156505445045801e-08
-1.0499646905415228e-07
-3.317228417522976e-07
2.3698548637176323e-07
-3.09834506621485e-10
4.013171327243218e-10
-2.1698728367702573e-10
1.2148117405610988e-10
6.00363230504586e-10
-3.185077382998384e-10
-4.91511753844796e-11
2.7675793665721654e-10
4.848737955675952e-10
-4.5938535095290635e-10
7.46792335789708e-11
2.196088882361922e-11
3.0976178905905676e-10
7.130022916350665e-10
-6.215498596700508e-10
