0.09991479232078404

1.5217958089774245e-12
-0.0006257095830617182
-0.0024874854129183195
-0.000561920232456296
-6.895855680646038e-06
2.279245499857351e-05
-2.1277238614832065e-06
2.508388759278391e-05
4.156280013523109e-05
-1.2128073715079696e-05
8.442774520265865e-08
-1.372860611390703e-07
5.3844096928535926e-08
2.174227932765016e-09
-2.185742582391801e-07
9.001093666638703e-08
-1.6689833025887063e-07
-1.147083193202759e-07
-2.585029216163329e-07
2.1265109309232507e-07
-2.131251025158577e-10
2.664921680379779e-10
-1.6733715276371127e-10
1.1461317321986884e-10
3.705729567870757e-10
-2.1893079534795124e-10
-2.627887483387518e-10
4.803532709800922e-10
3.658151237706202e-10
-2.9728000836586905e-10
5.051504922265159e-10
-2.765249469050841e-11
3.308763122626908e-10
5.333424056371222e-10
-5.578462372103565e-10
