0.09831342723344155

1.4959357134361321e-12
-0.0005779530025219269
-0.0024807941799934873
-0.0005539129224006663
-7.0383673970919095e-06
2.1729636604000033e-05
-1.6970418561458078e-06
2.570531904582853e-05
4.1212895029947405e-05
-1.224849864016408e-05
8.282555310006951e-08
-1.3101684216189904e-07
5.2715397648650595e-08
7.1165954693393e-09
-2.1673829417818495e-07
8.442670568318084e-08
-1.7423474446744797e-07
-1.1597253642013825e-07
-2.525336028882368e-07
2.1231032837054698e-07
-2.0673017925265195e-10
2.5414147011417967e-10
-1.6456484565283834e-10
1.1118120388483483e-10
3.546936360110179e-10
-2.1090477642470853e-10
-2.811994272843131e-10
4.946514588893411e-10
3.6071866997126027e-10
-2.844447453610853e-10
5.311784188333618e-10
-2.969253731708963e-11
3.3271659916493007e-10
5.159815048487588e-10
-5.556376095597556e-10
