0.09326239870498224

1.4114714181261663e-12
-0.0004312353909632196
-0.002451262359885137
-0.0005261721119191393
-7.443698038828892e-06
1.83933796150249e-05
-3.2325251498239077e-07
2.750568668566717e-05
4.007851868941459e-05
-1.273881973243635e-05
7.756506706338108e-08
-1.1151665139774277e-07
4.931589643829551e-08
2.2933869514151967e-08
-2.115689304812103e-07
6.70360795042582e-08
-1.9632505800304927e-07
-1.195003730089352e-07
-2.3338018778950213e-07
2.1178632483701848e-07
-1.8633410295744757e-10
2.1606266909878438e-10
-1.5655891391793826e-10
9.986092091827489e-11
3.066221323754757e-10
-1.861690980469612e-10
-3.391418180901811e-10
5.386853178430426e-10
3.464643936337902e-10
-2.447127880109607e-10
6.109498420180534e-10
-3.6444795098571425e-11
3.3706396139879926e-10
4.600272243892726e-10
-5.494594508276486e-10
