0.058558412304616975

6.784611992558447e-13
0.00018404984688237766
-0.001714122779045085
-0.00010834445109610777
-5.13797651830238e-06
-2.081978685621619e-06
9.361514658592501e-06
3.099617570688964e-05
2.759832246518252e-05
-2.2438520976381973e-05
1.5039602216506068e-08
-5.956013291396569e-09
3.672441735746858e-08
1.4202330890121077e-07
-2.1253208755817492e-07
-3.418187421153685e-08
-2.950620289448352e-07
-9.583069895536046e-08
-7.321418319303358e-08
2.342709098934411e-07
-8.873746751195061e-12
3.4692392969697495e-11
-1.4906522906405047e-10
1.3629234588085494e-12
1.1099818869619073e-10
-6.026907837751188e-11
-7.231182435045289e-10
7.669292282553464e-10
3.5244981805027665e-10
-2.4817183028569507e-11
1.0548908655754364e-09
-1.3820246849642342e-10
2.387746775060532e-10
2.0868588523128402e-12
-5.365981119006982e-10
