0.05773611014445573

5.248285514002149e-13
-7.828187139762095e-05
-0.0012613688236149548
7.223532436213453e-05
-5.91727823930719e-07
-2.7191152669174583e-06
1.0467165416901563e-05
2.5875369412246878e-05
2.263994438003652e-05
-2.7704125952277736e-05
-1.4110940585484993e-08
-1.6347774469059254e-08
4.5204557556628986e-08
1.7029421559129463e-07
-2.465677936629592e-07
-2.806716669055483e-08
-2.7768330914115753e-07
-5.1517769305068486e-08
-3.7813708257157234e-08
2.542514647547733e-07
4.262199434791152e-11
8.007777772567248e-11
-1.8875151194448358e-10
-4.276630528933577e-11
2.086317360582982e-10
-9.452505361152672e-11
-7.701560662601357e-10
7.379270103685441e-10
4.448418731119054e-10
-4.9734405256679426e-11
1.060823927435812e-09
-1.9974056283416915e-10
1.1606758187822753e-10
-8.486038307685083e-11
-5.554617889906883e-10
