0.09258232141735934

7.428312986675352e-13
-0.0023108037004609954
-0.0004670485074006154
0.0009838363918854619
2.6349065505993023e-05
1.8991229374165883e-05
5.579016286067142e-06
1.1513916107083705e-05
3.631666884610781e-06
-4.6866726180990606e-05
-1.3791011276048718e-07
-1.9150039484085086e-07
9.936422581720101e-08
1.7159718899014625e-07
-4.031382674963005e-07
9.377472769897955e-08
-1.9987569301909022e-07
1.5274149275918858e-07
4.605846538694754e-08
3.183120999289219e-07
2.1061513125885088e-10
5.099220365783728e-10
-3.8064225326903364e-10
-9.440011442439355e-11
8.024241639781275e-10
-3.7777005272423275e-10
-6.625560529737544e-10
4.910836968988839e-10
8.117980686254221e-10
-3.5172762975234603e-10
9.428626790670178e-10
-4.331213396667085e-10
-4.5757515882412774e-10
-1.9421369350485875e-10
-6.058248492551423e-10
