0.049933025778049034

5.744272959631697e-13
-0.0027549041954514227
-0.0015351068613968146
0.0029027835222977328
3.927266378012274e-05
4.9892816697651736e-05
-1.886621459462788e-05
2.8180463212751967e-05
-1.9148122860399572e-05
-5.0090983144253484e-05
-1.911182426342331e-07
-3.806458624959787e-07
1.6123440014866677e-07
-7.615610665711412e-08
-1.8988261429198497e-07
1.5319831310562574e-07
-2.7345064202790815e-07
1.8509542399125243e-07
1.4018297997301706e-07
2.7189576455247087e-07
2.998521098215844e-10
8.570944129957777e-10
-4.1908907358229206e-10
4.904200105007371e-10
3.599563245056535e-10
-3.6192835098646003e-10
-2.5851493637064363e-10
4.714335664396805e-10
2.7152313513187406e-10
-3.578614944774407e-10
1.0348625530185902e-09
-5.244146526783373e-10
-4.6064949812892097e-10
-2.901108973527593e-10
-4.682103474721947e-10
