0.0437985108955484

4.833503468422876e-13
-0.0025855841662061636
-0.0017351434703210607
0.0031534609927950093
3.729106241823378e-05
5.4957989440270075e-05
-2.459017265201178e-05
2.801916518670436e-05
-1.7668490892599218e-05
-5.193264745652029e-05
-1.6973418216548226e-07
-4.1178370576476513e-07
1.834573432270305e-07
-1.2317993247452365e-07
-1.5500020123082846e-07
1.7486337559987499e-07
-2.502505692041592e-07
1.5909476533224796e-07
1.2699145022971427e-07
2.826318802844405e-07
2.543904412762976e-10
9.149629517267251e-10
-4.468852229765603e-10
5.850836998931572e-10
2.885545476840294e-10
-3.8129195918081727e-10
-1.6006785581090654e-10
4.4358285390289017e-10
2.000183658801274e-10
-3.864424797181949e-10
9.260656677842904e-10
-4.672668216206181e-10
-4.020639594031278e-10
-2.6154046824161516e-10
-4.912672123300441e-10
