0.043341574076435296

4.106053178584789e-13
-0.002367101062376058
-0.0018254186876354485
0.0032009292265507507
3.3833815315720034e-05
5.6591936302618514e-05
-2.754367165436695e-05
2.5847787771046294e-05
-1.3321829349528486e-05
-5.418755633657368e-05
-1.4161228025535758e-07
-4.220394902680371e-07
2.003936188124165e-07
-1.410219155389142e-07
-1.4800528033599395e-07
1.9111408772151076e-07
-2.1692596983573433e-07
1.2738399456818666e-07
1.0468238889601603e-07
3.0272499287110457e-07
1.9731852285075196e-10
9.354695984001969e-10
-4.750248720620747e-10
6.102395888448391e-10
2.736091031242338e-10
-4.073377559155604e-10
-1.0959844878300807e-10
4.19339028050731e-10
1.9839003256871264e-10
-4.181320289778722e-10
8.016308120516778e-10
-3.9238874636374395e-10
-3.4599369175560044e-10
-2.2975125760084554e-10
-5.362002636917832e-10
