0.044509656558068905

3.711628014736353e-13
-0.0021931443366641425
-0.0019027360136043608
0.0031995385468319686
3.085825011395053e-05
5.73578922208903e-05
-2.9220195336868234e-05
2.405704699517471e-05
-9.262302093195183e-06
-5.6053941413590455e-05
-1.1822917480327962e-07
-4.2592166022995005e-07
2.1183390293889275e-07
-1.506050565982732e-07
-1.4791773043937819e-07
2.0224105954542407e-07
-1.9009700180750077e-07
9.987473918448611e-08
8.608798828605416e-08
3.2004415099029054e-07
1.504102586481262e-10
9.426888464884508e-10
-4.951747867909896e-10
6.183978726686996e-10
2.7113221573249926e-10
-4.2717484330390256e-10
-7.804568936037521e-11
4.042494151790786e-10
2.0862192451837527e-10
-4.4220490310335273e-10
7.027640770437592e-10
-3.276801769208658e-10
-3.004215727724162e-10
-2.06531321108145e-10
-5.747217366662923e-10
