0.045605837955428

3.569926095797953e-13
-0.002100523483881926
-0.0019511307040773395
0.0031895300680757147
2.9195037463643435e-05
5.769548470945247e-05
-2.9972585933034236e-05
2.3114967888202368e-05
-6.8966242846886375e-06
-5.707650456889167e-05
-1.0524243868654585e-07
-4.2714090932819966e-07
2.1747921511064378e-07
-1.5505728584293668e-07
-1.491341830427822e-07
2.0791295946340773e-07
-1.7555212440942225e-07
8.417076525328919e-08
7.576196708627405e-08
3.296647156106401e-07
1.244427751830734e-10
9.44474537408915e-10
-5.053248597712018e-10
6.204065731556677e-10
2.7195520580422087e-10
-4.376667785431409e-10
-6.224243995008907e-11
3.9717843591842704e-10
2.1653339429564878e-10
-4.550747000521705e-10
6.488813330391987e-10
-2.9079773063733945e-10
-2.7516821792874173e-10
-1.943043201532175e-10
-5.960588996821527e-10
