0.08431244596111279

4.465370412733238e-13
-0.0007203757134929617
-0.003031192433433203
0.0026731178366885774
2.800931102559148e-06
5.739126622279812e-05
-3.534229290202334e-05
1.4431484719367347e-05
3.4844435270205296e-05
-7.357224674245558e-05
9.56384454664655e-08
-4.0365005856081045e-07
2.895442765105549e-07
-1.653991717524143e-07
-2.315569218624161e-07
2.7966599556799964e-07
-5.724813288790103e-10
-1.7753744889921126e-07
-8.385485338995205e-08
4.883746302967209e-07
-2.691597888006446e-10
8.858293854501881e-10
-6.482427338584678e-10
5.129207834203119e-10
3.766761941807289e-10
-6.156871624757668e-10
4.2260427192789886e-11
3.7849217526205927e-10
4.57543987762039e-10
-6.44753860361723e-10
-3.1065680006365714e-11
3.209637570843362e-10
9.520426254213947e-11
-2.7577992414065474e-11
-9.446309817707434e-10
