0.0991088103986987

4.973514064245151e-13
-0.0003658932465308193
-0.0032966997362852664
0.0024613965857665002
-4.758687290432904e-06
5.746136100133654e-05
-3.724687680226395e-05
1.0972358442096638e-05
4.7638926518460085e-05
-7.803782398786105e-05
1.556202083760074e-07
-4.009344962198927e-07
3.139394382861243e-07
-1.621037825092109e-07
-2.6604312398252425e-07
3.090848210192291e-07
5.5777448257492465e-08
-2.471063362641059e-07
-1.4167598643364824e-07
5.362954917671522e-07
-3.9071107314642253e-10
8.827133436213192e-10
-7.005068739575417e-10
4.599380742298917e-10
4.47348977124264e-10
-6.904336371928188e-10
7.272176022612033e-11
3.530498875979901e-10
5.571589451479411e-10
-7.228934846163058e-10
-2.4261004107144475e-10
4.944718466865272e-10
1.873703167893834e-10
5.525312453017341e-11
-1.0538200580450914e-09
