0.10182125335831274

3.2685313969472565e-13
-7.498358571770537e-05
-0.0029912861469246605
0.0022768070422756314
-1.0298139111030111e-05
5.673051491593411e-05
-4.051888914500886e-05
2.013083619064571e-06
5.50247305276091e-05
-7.95522549293397e-05
1.9876065388329168e-07
-4.087000213598242e-07
3.4013309503573025e-07
-1.53296261893607e-07
-2.8359514282257056e-07
3.4187725060342433e-07
1.318286035749315e-07
-2.6743810617593984e-07
-2.0214706968573067e-07
5.678822115640524e-07
-4.849748001334302e-10
9.177396083705019e-10
-7.596549016706741e-10
4.1334274308511754e-10
5.300364819031932e-10
-7.647081096821187e-10
1.1474742369285329e-10
2.575573715987169e-10
6.4566320833807e-10
-8.058492025203275e-10
-4.721254042876428e-10
5.660805843705553e-10
2.285061195968057e-10
1.784279985713323e-10
-1.137985214696785e-09
