0.10172545076748982

3.015051086293507e-13
-5.115878686448021e-05
-0.0029310105398249048
0.002253920204717486
-1.0744546944020843e-05
5.6490995291065855e-05
-4.075151880482474e-05
8.40198490451645e-07
5.5535828895425716e-05
-7.959043672692886e-05
2.0201815637524831e-07
-4.0906932832851706e-07
3.423323137521202e-07
-1.5102036923335654e-07
-2.85640117184813e-07
3.447456698029711e-07
1.4016948855357527e-07
-2.6707098399579966e-07
-2.079068614265131e-07
5.704181932550824e-07
-4.92460822869825e-10
9.212455704754269e-10
-7.653519036774185e-10
4.065691278625706e-10
5.406864974745183e-10
-7.716032543340486e-10
1.171023929208559e-10
2.457289823242801e-10
6.562464157509973e-10
-8.136754274775723e-10
-4.945470559807043e-10
5.68316381224698e-10
2.2934636249273135e-10
1.9101021068850844e-10
-1.1453223936342956e-09
