0.10162909631584699

2.2209490482956392e-13
1.7889645540413507e-05
-0.0027324113023332233
0.0021780414158266495
-1.2066097359686823e-05
5.557530859152583e-05
-4.129706482868715e-05
-2.9108475802266783e-06
5.7090368347945594e-05
-7.979499524632946e-05
2.115072601087263e-07
-4.0933968637658297e-07
3.4881773231051714e-07
-1.4213710227288762e-07
-2.936825723020355e-07
3.532035721791548e-07
1.6615394295215749e-07
-2.651304261572414e-07
-2.2505555708725896e-07
5.787237093436954e-07
-5.144170523694782e-10
9.30874954083338e-10
-7.831983339299247e-10
3.8188171738492897e-10
5.773401455679419e-10
-7.932421459688129e-10
1.209426106215529e-10
2.0938892472789595e-10
6.931361860509555e-10
-8.377841448141655e-10
-5.62635873024486e-10
5.741462999217247e-10
2.2919756424697714e-10
2.2770883899644572e-10
-1.168576468444487e-09
