0.10414614542592263

9.388703943148004e-14
0.00012543305692051194
-0.002367871681821171
0.002015561916828799
-1.4360618259782278e-05
5.3261960799380646e-05
-4.158961210717586e-05
-9.835809406227025e-06
6.041974788824125e-05
-8.102889776989957e-05
2.2809034636584887e-07
-4.0627978262284457e-07
3.6090877314213956e-07
-1.1689551480030002e-07
-3.1980546492442784e-07
3.6866857378940854e-07
2.1273785417173956e-07
-2.6188069523577823e-07
-2.5426686873046764e-07
5.98957019449015e-07
-5.528675390368217e-10
9.437508199758688e-10
-8.204640339143631e-10
3.1578349538792623e-10
6.663303846281644e-10
-8.406567483251002e-10
1.1013186736128705e-10
1.4831008815649678e-10
7.861717968059202e-10
-8.861398509093063e-10
-6.798261849290992e-10
5.904682497687797e-10
2.1727838089513378e-10
2.84573605725357e-10
-1.2189150124355587e-09
