0.1066494318561095

7.084977788613848e-14
0.00014126509154262324
-0.002269054959328336
0.001956539017835013
-1.5035617994282727e-05
5.2616385255523066e-05
-4.1512486855335464e-05
-1.2064674423489488e-05
6.187018578124078e-05
-8.186762323892548e-05
2.3379288830658736e-07
-4.0558946971458955e-07
3.6527486074512513e-07
-1.0703482278705746e-07
-3.333522413612039e-07
3.749874084292888e-07
2.2845037024390785e-07
-2.6191795982687183e-07
-2.6386364990905417e-07
6.081614255602973e-07
-5.665482809976553e-10
9.48875709164205e-10
-8.350205595762192e-10
2.8831194327204476e-10
7.063926519947552e-10
-8.608807370584798e-10
1.0420985774809271e-10
1.2962833939509204e-10
8.269537769919902e-10
-9.063677729986004e-10
-7.199903995468647e-10
6.008408915984865e-10
2.0975103094942512e-10
3.01152291415978e-10
-1.23960588841961e-09
