0.1182163396846648

1.0690703332188651e-13
8.322614647625515e-05
-0.0021176638593915207
0.0017760787958908217
-1.6143745700670152e-05
5.180141191123284e-05
-4.068073134920805e-05
-1.6865308785250823e-05
6.618393931011717e-05
-8.425090234846192e-05
2.467401624603551e-07
-4.0579489999133175e-07
3.7382150804109085e-07
-8.174168264147959e-08
-3.7860406737857984e-07
3.9331110025547343e-07
2.648064639280063e-07
-2.6302638820384173e-07
-2.8880931014890955e-07
6.325050808339607e-07
-6.004303087961929e-10
9.631871182707447e-10
-8.695556590133849e-10
2.0894641142197532e-10
8.347165133021499e-10
-9.187935622625293e-10
9.039850817892333e-11
8.705387963072143e-11
9.475358281699467e-10
-9.661851193094667e-10
-8.168469656020424e-10
6.341125889801519e-10
1.817134777404176e-10
3.4479259327118816e-10
-1.2925184940854604e-09
