0.1520666936462047

3.8636033706804786e-13
-0.00027507925282971497
-0.002050615194213143
0.0013923830610813898
-1.683448917465769e-05
5.371788755867005e-05
-3.906117242703733e-05
-2.4902692485540396e-05
7.59414039771939e-05
-8.928431998502935e-05
2.7099133790712745e-07
-4.218574945013629e-07
3.894267650483239e-07
-4.277328271140525e-08
-4.855744309576271e-07
4.4260178538287427e-07
3.359411215452505e-07
-2.656531073936781e-07
-3.455613158110359e-07
6.817205529002885e-07
-6.730116944112719e-10
1.0171489676499411e-09
-9.384227664650704e-10
5.077224667499446e-11
1.1466014413681215e-09
-1.0569656961619167e-09
9.639888699169996e-11
-5.287766747400742e-12
1.2112945432568072e-09
-1.117169833959726e-09
-1.0256416327596472e-09
7.150347108476948e-10
1.0855524057981806e-10
4.566286423185818e-10
-1.397818081291202e-09
