0.15473366023846422

4.1365473564836475e-13
-0.00030631956546930337
-0.0020569826062939375
0.0013640695807574594
-1.6865091764095175e-05
5.401800336875376e-05
-3.901034505043433e-05
-2.5379843313679494e-05
7.668010664815754e-05
-8.956058759661525e-05
2.729110335600065e-07
-4.2373279934912897e-07
3.9050742809190314e-07
-4.102930621874511e-08
-4.929426092708504e-07
4.466432950052801e-07
3.4085364518088365e-07
-2.6604664128622066e-07
-3.503000974268051e-07
6.847926972015486e-07
-6.788420153523617e-10
1.0220425702523614e-09
-9.429734910324673e-10
4.073356376091318e-11
1.1691398175150822e-09
-1.0672877135077608e-09
9.932473725772111e-11
-1.2503637518315107e-11
1.2289978869710192e-09
-1.1288861631303975e-09
-1.0414341006516916e-09
7.213923765060174e-10
1.0395090591572803e-10
4.670336803588093e-10
-1.4046997974766515e-09
