0.17258086459280256

6.343619525878576e-13
-0.0005449222762261161
-0.0021955241717592404
0.0012081760131477434
-1.6549122785050214e-05
5.756511316126156e-05
-4.021319002149126e-05
-2.672844808324646e-05
8.089808342965504e-05
-9.011252739562703e-05
2.8448219778689297e-07
-4.461789628592424e-07
4.008269501331032e-07
-3.987086579546478e-08
-5.319646005404281e-07
4.796194422779782e-07
3.6202648546391e-07
-2.649865175848985e-07
-3.870226907804919e-07
6.974912395488556e-07
-7.171398816294594e-10
1.0735856658457777e-09
-9.738768468384367e-10
-5.640754946377189e-12
1.3045960435586559e-09
-1.1436079597615438e-09
1.374101222379236e-10
-6.448820161140847e-11
1.3204580543601728e-09
-1.2141668740805521e-09
-1.123537923720644e-09
7.541375853360885e-10
7.407039777111739e-11
5.657250185106263e-10
-1.438587439260727e-09
