0.17644192315628557

6.912128110014704e-13
-0.0006078095719545105
-0.002239677400159457
0.0011779169280299667
-1.6190661660359897e-05
5.8517154664784813e-05
-4.0859399559597136e-05
-2.633996305331434e-05
8.137337413680294e-05
-8.968927971046375e-05
2.852401102094459e-07
-4.531244990070928e-07
4.0392327919464093e-07
-4.0056217886518623e-08
-5.381892616414001e-07
4.88098763806419e-07
3.6037498950331056e-07
-2.612475569860752e-07
-3.9609815557881905e-07
6.970889639586064e-07
-7.223149367870933e-10
1.0898174409033534e-09
-9.81064820885296e-10
-1.3747156858599788e-11
1.331198773814368e-09
-1.1633217713144284e-09
1.447772196674806e-10
-7.576218088276115e-11
1.3344418060677e-09
-1.2341064470307238e-09
-1.1235876235215601e-09
7.52937752858203e-10
6.355575610002515e-11
5.968652794723324e-10
-1.4410215172885137e-09
