0.1955132200102096

1.090773383019515e-12
-0.001023273039829311
-0.002671705467636663
0.0010604626974639144
-1.2247182639281897e-05
6.528511372742293e-05
-4.6356572569884756e-05
-1.8168381585114824e-05
8.055268776026681e-05
-8.310846669142364e-05
2.756990073371227e-07
-5.015865275473695e-07
4.1935893988146725e-07
-5.355681656689392e-08
-5.463776250165212e-07
5.343923964761536e-07
3.0140864818872187e-07
-2.2345931062521892e-07
-4.4557078056916825e-07
6.671427281191912e-07
-7.229084603212428e-10
1.196314727522644e-09
-1.0044735958682416e-09
-2.0714925621835593e-11
1.4211314393529519e-09
-1.2649193368333888e-09
1.8693853405460795e-10
-1.1720179133047641e-10
1.3369788122119698e-09
-1.3292864576967675e-09
-9.880919838533931e-10
6.918891371410019e-10
-1.2401921369167313e-12
8.115188605860796e-10
-1.4062313606304242e-09
