0.1995627010944569

1.2922782466954642e-12
-0.0012503647814830511
-0.0028969745261115485
0.0010261975127372027
-9.801574779824439e-06
6.842136209960882e-05
-4.728258795463966e-05
-1.3509931748156764e-05
7.834022403347608e-05
-7.856789809012783e-05
2.6331838812988523e-07
-5.164393116151968e-07
4.112673020106885e-07
-7.14106860466802e-08
-5.335148637600289e-07
5.389208562731395e-07
2.680738822483873e-07
-2.0611780259591514e-07
-4.5326928996701347e-07
6.388206507901449e-07
-7.037553456819691e-10
1.2173552191524362e-09
-9.79976756779774e-10
7.51987223585058e-12
1.4145261426254583e-09
-1.2618537191380548e-09
2.1894437242481942e-10
-1.1770020694389029e-10
1.28804295287246e-09
-1.3318516140479978e-09
-9.093731876593569e-10
6.47692864592171e-10
-1.3926993694481685e-11
8.730109779346613e-10
-1.3572911804313462e-09
