0.20010432437907832

1.38816763485749e-12
-0.001363958152514876
-0.0029906522495632888
0.001001902482794778
-8.566396030830594e-06
6.966004903235671e-05
-4.706015864894805e-05
-1.1364577166425247e-05
7.687721167713084e-05
-7.594253683831268e-05
2.5548824255497874e-07
-5.198881137970128e-07
4.0241879718564697e-07
-8.153304770021497e-08
-5.237923485292472e-07
5.355702463464247e-07
2.5230363464867e-07
-1.9773712471417842e-07
-4.5322319892028826e-07
6.214989965078864e-07
-6.8968542164657e-10
1.216670503824868e-09
-9.57663613227486e-10
2.6267915311799472e-11
1.4005667304922347e-09
-1.245184676174362e-09
2.356174607682167e-10
-1.1376314600951677e-10
1.2540617044452976e-09
-1.3206851363885298e-09
-8.710276856772232e-10
6.217490793638026e-10
-1.4791112122720002e-11
8.917413660296223e-10
-1.3255624319711823e-09
