0.20294790461606294

1.5450835514843741e-12
-0.0015497691628648992
-0.0031239745178544614
0.0009420897854617892
-6.902009715059057e-06
7.201634625135637e-05
-4.722762538114648e-05
-8.822008501087556e-06
7.544352363987365e-05
-7.207282490563875e-05
2.4712237505022163e-07
-5.294251556449396e-07
3.9244203440640165e-07
-9.66448906003124e-08
-5.139924944616533e-07
5.370688800033923e-07
2.3515539607787705e-07
-1.8480800657485724e-07
-4.6137587347209903e-07
5.9838608709778e-07
-6.779278055231355e-10
1.226805422396663e-09
-9.3218446367005e-10
4.8027723201531394e-11
1.4001043039872966e-09
-1.2346496474745307e-09
2.6877460734420833e-10
-1.211114630267556e-10
1.2175211041260163e-09
-1.3199765475964069e-09
-8.349399602708433e-10
5.877854292261543e-10
-1.8651085323438374e-11
9.41357880924857e-10
-1.2862883924786686e-09
