   4.2400000e-01
   4.2800000e-01
   4.3200000e-01
   4.3600000e-01
   4.4000000e-01
   4.4400000e-01
   4.4800000e-01
   4.5200000e-01
   4.5600000e-01
   4.6000000e-01
   4.6400000e-01
   4.8800000e-01
   5.1200000e-01
   5.3500000e-01
   5.5900000e-01
   5.8300000e-01
   6.0700000e-01
   6.3100000e-01
   6.5500000e-01
   6.7900000e-01
   7.0200000e-01
   7.1000000e-01
   7.1700000e-01
   7.2500000e-01
   7.3200000e-01
   7.3900000e-01
   7.4700000e-01
   7.5400000e-01
   7.6200000e-01
   7.6900000e-01
   7.7700000e-01
   7.7800000e-01
   7.8000000e-01
   7.8100000e-01
   7.8300000e-01
   7.8500000e-01
   7.8600000e-01
   7.8800000e-01
   7.9000000e-01
   7.9100000e-01
   7.9300000e-01
   7.8700000e-01
   7.8200000e-01
   7.7600000e-01
   7.7000000e-01
   7.6400000e-01
   7.5900000e-01
   7.5300000e-01
   7.4700000e-01
   7.4100000e-01
   7.3600000e-01
   7.5100000e-01
   7.6700000e-01
   7.8200000e-01
   7.9800000e-01
   8.1300000e-01
   8.2800000e-01
   8.4400000e-01
   8.5900000e-01
   8.7500000e-01
   8.9000000e-01
   9.0000000e-01
   9.1100000e-01
   9.2100000e-01
   9.3100000e-01
   9.4200000e-01
   9.5200000e-01
   9.6200000e-01
   9.7300000e-01
   9.8300000e-01
   9.9300000e-01
   9.9400000e-01
   9.9500000e-01
   9.9500000e-01
   9.9600000e-01
   9.9700000e-01
   9.9700000e-01
   9.9800000e-01
   9.9900000e-01
   9.9900000e-01
   1.0000000e+00
   9.9700000e-01
   9.9500000e-01
   9.9200000e-01
   9.9000000e-01
   9.8700000e-01
   9.8500000e-01
   9.8200000e-01
   9.8000000e-01
   9.7700000e-01
   9.7500000e-01
   9.7600000e-01
   9.7700000e-01
   9.7800000e-01
   9.7900000e-01
   9.7900000e-01
   9.8000000e-01
   9.8100000e-01
   9.8200000e-01
   9.8300000e-01
   9.8400000e-01
   9.7800000e-01
   9.7200000e-01
   9.6600000e-01
   9.6000000e-01
   9.5400000e-01
   9.4800000e-01
   9.4200000e-01
   9.3600000e-01
   9.3000000e-01
   9.2400000e-01
   9.2400000e-01
   9.2500000e-01
   9.2500000e-01
   9.2500000e-01
   9.2600000e-01
   9.2600000e-01
   9.2700000e-01
   9.2700000e-01
   9.2800000e-01
   9.2800000e-01
   9.2700000e-01
   9.2600000e-01
   9.2400000e-01
   9.2300000e-01
   9.2200000e-01
   9.2000000e-01
   9.1900000e-01
   9.1800000e-01
   9.1600000e-01
   9.1500000e-01
   9.1200000e-01
   9.1000000e-01
   9.0700000e-01
   9.0500000e-01
   9.0200000e-01
   9.0000000e-01
   8.9700000e-01
   8.9500000e-01
   8.9200000e-01
   8.8900000e-01
   8.9200000e-01
   8.9400000e-01
   8.9700000e-01
   8.9900000e-01
   9.0200000e-01
   9.0400000e-01
   9.0700000e-01
   9.0900000e-01
   9.1200000e-01
   9.1400000e-01
   9.1100000e-01
   9.0800000e-01
   9.0600000e-01
   9.0300000e-01
   9.0000000e-01
   8.9700000e-01
   8.9500000e-01
   8.9200000e-01
   8.8900000e-01
   8.8600000e-01
   8.8600000e-01
   8.8600000e-01
   8.8500000e-01
   8.8500000e-01
   8.8500000e-01
   8.8400000e-01
   8.8400000e-01
   8.8400000e-01
   8.8300000e-01
   8.8300000e-01
   8.8000000e-01
   8.7600000e-01
   8.7300000e-01
   8.6900000e-01
   8.6600000e-01
   8.6300000e-01
   8.5900000e-01
   8.5600000e-01
   8.5200000e-01
   8.4900000e-01
   8.4600000e-01
   8.4300000e-01
   8.3900000e-01
   8.3600000e-01
   8.3300000e-01
   8.3000000e-01
   8.2700000e-01
   8.2400000e-01
   8.2100000e-01
   8.1800000e-01
   8.1700000e-01
   8.1700000e-01
   8.1600000e-01
   8.1600000e-01
   8.1500000e-01
   8.1500000e-01
   8.1400000e-01
   8.1400000e-01
   8.1400000e-01
   8.1300000e-01
   8.0700000e-01
   8.0100000e-01
   7.9500000e-01
   7.8900000e-01
   7.8300000e-01
   7.7700000e-01
   7.7100000e-01
   7.6500000e-01
   7.5900000e-01
   7.5300000e-01
   7.5400000e-01
   7.5500000e-01
   7.5600000e-01
   7.5700000e-01
   7.5800000e-01
   7.5900000e-01
   7.6100000e-01
   7.6200000e-01
   7.6300000e-01
   7.6400000e-01
   7.6400000e-01
   7.6300000e-01
   7.6300000e-01
   7.6300000e-01
   7.6200000e-01
   7.6200000e-01
   7.6200000e-01
   7.6100000e-01
   7.6100000e-01
   7.6100000e-01
   7.5900000e-01
   7.5700000e-01
   7.5600000e-01
   7.5400000e-01
   7.5200000e-01
   7.5100000e-01
   7.4900000e-01
   7.4800000e-01
   7.4600000e-01
   7.4400000e-01
   7.4100000e-01
   7.3700000e-01
   7.3300000e-01
   7.2900000e-01
   7.2600000e-01
   7.2200000e-01
   7.1800000e-01
   7.1400000e-01
   7.1100000e-01
   7.0700000e-01
   7.0700000e-01
   7.0800000e-01
   7.0800000e-01
   7.0800000e-01
   7.0900000e-01
   7.0900000e-01
   7.0900000e-01
   7.1000000e-01
   7.1000000e-01
   7.1000000e-01
   7.0700000e-01
   7.0400000e-01
   7.0100000e-01
   6.9800000e-01
   6.9500000e-01
   6.9200000e-01
   6.8900000e-01
   6.8600000e-01
   6.8200000e-01
   6.7900000e-01
   6.7900000e-01
   6.8000000e-01
   6.8000000e-01
   6.8000000e-01
   6.8000000e-01
   6.8000000e-01
   6.8000000e-01
   6.8100000e-01
   6.8100000e-01
   6.8100000e-01
   6.8300000e-01
   6.8400000e-01
   6.8600000e-01
   6.8800000e-01
   6.9000000e-01
   6.9100000e-01
   6.9300000e-01
   6.9500000e-01
   6.9700000e-01
   6.9800000e-01
   6.9500000e-01
   6.9200000e-01
   6.8800000e-01
   6.8500000e-01
   6.8100000e-01
   6.7800000e-01
   6.7500000e-01
   6.7100000e-01
   6.6800000e-01
   6.6400000e-01
   6.5700000e-01
   6.5000000e-01
   6.4300000e-01
   6.3500000e-01
   6.2800000e-01
   6.2100000e-01
   6.1400000e-01
   6.0600000e-01
   5.9900000e-01
   5.9200000e-01
   5.9300000e-01
   5.9500000e-01
   5.9700000e-01
   5.9800000e-01
   6.0000000e-01
   6.0100000e-01
   6.0300000e-01
   6.0500000e-01
   6.0600000e-01
   6.0800000e-01
   6.1000000e-01
   6.1200000e-01
   6.1500000e-01
   6.1700000e-01
   6.1900000e-01
   6.2200000e-01
   6.2400000e-01
   6.2600000e-01
   6.2900000e-01
   6.3100000e-01
   6.2000000e-01
   6.0900000e-01
   5.9900000e-01
   5.8800000e-01
   5.7700000e-01
   5.6600000e-01
   5.5500000e-01
   5.4500000e-01
   5.3400000e-01
   5.2300000e-01
   5.3000000e-01
   5.3700000e-01
   5.4400000e-01
   5.5100000e-01
   5.5800000e-01
   5.6500000e-01
   5.7200000e-01
   5.7900000e-01
   5.8600000e-01
   5.9300000e-01
   5.9800000e-01
   6.0200000e-01
   6.0600000e-01
   6.1100000e-01
   6.1500000e-01
   6.2000000e-01
   6.2400000e-01
   6.2900000e-01
   6.3300000e-01
   6.3700000e-01
   6.2800000e-01
   6.1800000e-01
   6.0800000e-01
   5.9800000e-01
   5.8900000e-01
   5.7900000e-01
   5.6900000e-01
   5.5900000e-01
   5.5000000e-01
   5.4000000e-01
   5.2500000e-01
   5.1100000e-01
   4.9600000e-01
   4.8100000e-01
   4.6700000e-01
   4.5200000e-01
   4.3800000e-01
   4.2300000e-01
   4.0900000e-01
   3.9400000e-01
   4.1100000e-01
   4.2900000e-01
   4.4600000e-01
   4.6300000e-01
   4.8100000e-01
   4.9800000e-01
   5.1500000e-01
   5.3200000e-01
   5.5000000e-01
   5.6700000e-01
   5.6400000e-01
   5.6100000e-01
   5.5800000e-01
   5.5500000e-01
   5.5300000e-01
   5.5000000e-01
   5.4700000e-01
   5.4400000e-01
   5.4100000e-01
   5.3800000e-01
