0.035938926917984934

-4.306058079673392e-13
0.0010509892308595275
0.0011427445061088792
-0.001153884162221811
-2.212297609147382e-05
-1.1961476410796683e-05
-8.074534815370545e-07
-2.8394014500875974e-05
3.7922507738832966e-05
-1.2279112969897616e-05
1.502327474787028e-07
1.3315828163948435e-08
8.551802700160458e-08
1.5939873528068536e-07
-1.988001953570736e-07
8.318678932619397e-08
1.8698089531193043e-07
-7.494946796131309e-08
-2.556289977693772e-07
2.067010185126597e-07
-3.2139719430113796e-10
7.018297461006365e-11
-2.555644292672442e-10
-3.1531959096153903e-10
4.79347110132082e-10
-2.772974388301166e-10
-2.450114029867179e-10
-7.053754482210661e-11
6.003082045444082e-10
-2.96050838576972e-10
-4.225643037804575e-10
1.320830108678106e-10
1.8313438805823707e-10
4.517609574711072e-10
-5.248496503534806e-10
