0.08922036571889363

6.871183532773386e-13
-7.470528361618633e-05
-0.0005281528883393705
-0.0010565958853214305
-1.8191346811412158e-05
1.3226126897642656e-05
-2.5429164005290325e-07
-1.6603111701340506e-05
5.300239084927807e-05
-2.0225247468823164e-05
1.6253253606972757e-07
-1.0445835724174236e-07
7.857203018833261e-08
5.9110339251762084e-08
-2.85213275226128e-07
1.2759657520848763e-07
1.4949632050449491e-07
-1.2892209322516244e-07
-3.307002496200506e-07
2.8866086964219436e-07
-3.867197276842667e-10
2.510620842794364e-10
-2.646770647058858e-10
-9.46500807956589e-11
6.623784247060687e-10
-3.0590545916641424e-10
-1.433137193444029e-10
1.2616601838785752e-10
6.764074625641685e-10
-4.290429143551338e-10
-3.6517358247283495e-10
1.3651507526219244e-10
3.239129137576297e-10
5.883645494672e-10
-7.15686846975014e-10
