0.10962876076053454

1.2810871972712547e-12
-0.0007464120926358871
-0.0014953440281609322
-0.0008521242654638821
-1.2401291903829025e-05
2.6406412466017227e-05
-1.8124064038574862e-06
-4.782841466326061e-06
5.3022491365743336e-05
-2.0197859248802775e-05
1.4274632602350095e-07
-1.6535498962045118e-07
7.083528360720706e-08
-5.0621792725755516e-09
-2.9130977243724746e-07
1.4582010323159656e-07
8.456446435216711e-08
-1.303753373902714e-07
-3.3348156439345226e-07
2.8428062350237554e-07
-3.638468265003327e-10
3.4180442500614876e-10
-2.4280395040193295e-10
3.5344487400122865e-11
6.793433509261302e-10
-3.0906666340316296e-10
-6.648003735780747e-11
2.1054244489930533e-10
6.170514129337946e-10
-4.630242572630061e-10
-2.2382810466813268e-10
1.0540694631965276e-10
3.330858847466473e-10
6.278272554805883e-10
-7.068572871666092e-10
