0.11235850945734535

1.4003475531990788e-12
-0.0008684282105185413
-0.001704042468802995
-0.0008094171492618096
-1.0830849436296655e-05
2.887024047310176e-05
-3.0403596930883844e-06
-8.6466461617426e-07
5.1787723971275315e-05
-1.8562754330137432e-05
1.3545600105192738e-07
-1.7868512761183315e-07
7.085094603831947e-08
-1.794122890553388e-08
-2.8350662037016176e-07
1.5084777133121574e-07
5.723041318754326e-08
-1.2345145504201537e-07
-3.3517291689142557e-07
2.729750414380122e-07
-3.519978699273201e-10
3.642859426368038e-10
-2.3700318194687603e-10
6.250016579472485e-11
6.664624088551066e-10
-3.1407118971078303e-10
-5.307207511075791e-11
2.241051706674868e-10
5.848397817408781e-10
-4.678458146350454e-10
-1.5649280818115913e-10
8.380733533754017e-11
3.268950562161223e-10
6.556497244523755e-10
-6.870398372317224e-10
