0.08956471266220078

1.345961831551623e-12
-0.0003288057429297592
-0.002418928825524986
-0.0005027236758048813
-7.684439146615273e-06
1.5971720380202397e-05
7.014874793381825e-07
2.8620532993024943e-05
3.9209117851483696e-05
-1.3237577695132048e-05
7.345330332324004e-08
-9.75910400869328e-08
4.7031465095968e-08
3.480037017903181e-08
-2.0857295303515109e-07
5.45922002901995e-08
-2.1116017188540045e-07
-1.2149784126671347e-07
-2.189503648802268e-07
2.1210064330006672e-07
-1.7112248804399798e-10
1.8930375380808742e-10
-1.5163434233341082e-10
9.094626999421312e-11
2.7399653051330205e-10
-1.6880363365295363e-10
-3.81386397726768e-10
5.695590070993717e-10
3.383383150448918e-10
-2.1658893178357212e-10
6.663825992863957e-10
-4.1790113338124104e-11
3.3839418833745704e-10
4.175646243267542e-10
-5.459376929827327e-10
