0.08212152823138397

1.2106519542543058e-12
-0.00013844592394556066
-0.0023398136028356777
-0.00044541424375797424
-7.956526667812824e-06
1.1204958976302644e-05
2.8020642283445362e-06
3.063127744077864e-05
3.72576755306151e-05
-1.447552688859372e-05
6.400442357941148e-08
-7.049937364761295e-08
4.258903325457233e-08
5.881351536499112e-08
-2.0367603270124356e-07
2.9906846811423307e-08
-2.396621205255689e-07
-1.239502452020733e-07
-1.8835041219940855e-07
2.1349966211637313e-07
-1.3861694458676796e-10
1.3786331760853025e-10
-1.4286097061452627e-10
7.290111959993518e-11
2.1218381730612958e-10
-1.3467633589570995e-10
-4.659615323889729e-10
6.300442542252245e-10
3.248017020063502e-10
-1.6112629413333648e-10
7.755982123086655e-10
-5.4467817642132865e-11
3.365921286745423e-10
3.281115640932154e-10
-5.39337489185805e-10
