0.059349876673921026

7.043582083989942e-13
0.00019572082530860426
-0.0017629386151031376
-0.00013373996691864478
-5.5668595288216115e-06
-1.7387947011871224e-06
9.137508834507834e-06
3.13532263784183e-05
2.8259746718491356e-05
-2.18396598052333e-05
1.8573433312246906e-08
-6.6005400275736005e-09
3.623971667175438e-08
1.3825198834078673e-07
-2.1023049375092492e-07
-3.29546486875363e-08
-2.9489714244508647e-07
-9.987796637003424e-08
-7.904639838869006e-08
2.323582900420372e-07
-1.6252781827215052e-11
3.361150248524052e-11
-1.4609489979387832e-10
5.284095414453264e-12
1.0739444921457382e-10
-6.005382696138559e-11
-7.137397984903176e-10
7.655027589583493e-10
3.4602040628244377e-10
-2.675458418297816e-11
1.047307223673158e-09
-1.3122364403709835e-10
2.501961111039237e-10
1.7412246471227413e-11
-5.355712759031226e-10
