0.06849407515769068

5.01476820914751e-13
-0.0006948438363422833
-0.0007519403579723381
0.00023571616245123055
6.613983860115302e-06
7.97252657527893e-07
1.0666270825321732e-05
1.7575761412514287e-05
1.7987202678176267e-05
-3.44104559506165e-05
-4.856504157823761e-08
-5.577831669166264e-08
6.117603446299034e-08
1.9562322780051181e-07
-3.1296827126424273e-07
6.080595316482345e-09
-2.3324110358591923e-07
1.4950468313290635e-08
-1.6834120712659762e-08
2.8393125365098073e-07
8.790517366766877e-11
1.927776885019765e-10
-2.567280789314053e-10
-1.1029752299174381e-10
4.35152017044092e-10
-1.8798926017709084e-10
-7.731554805874573e-10
6.468764087521295e-10
6.150905405708896e-10
-1.4661200905027106e-10
9.878532028494596e-10
-2.722967632126226e-10
-7.191752264203292e-11
-1.2218153494062653e-10
-5.926910051010439e-10
