0.09051584210712427

6.746887047392722e-13
-0.0018155746360512706
-0.0003845777019549609
0.0005707095817472329
1.92463623726343e-05
1.1079163699497237e-05
9.143371764307514e-06
1.0055558226642038e-05
1.0481297138943306e-05
-4.337865792437893e-05
-1.0431253562378874e-07
-1.3759296144035527e-07
8.493146454539325e-08
2.0274573397369076e-07
-4.0235849230841374e-07
6.780243152409335e-08
-1.8972451774510387e-07
1.11288144610189e-07
1.3394864924137822e-08
3.170476991117923e-07
1.5868790295524232e-10
3.946740953738906e-10
-3.4882984619957397e-10
-1.6089302183410668e-10
7.601771912515976e-10
-3.347659435369234e-10
-7.236813331812259e-10
5.206752044323294e-10
8.234971621002587e-10
-3.0537543983945995e-10
9.112655103356117e-10
-3.7440186243805476e-10
-3.5022517378701563e-10
-1.529657474424738e-10
-6.246746219612074e-10
