0.05982569935488277

6.107569500471606e-13
-0.002732842149216732
-0.0012477724011474335
0.002505627392457682
3.758543398479256e-05
4.3126652393540855e-05
-1.3132184416577687e-05
2.4268375600690038e-05
-1.5324597829711565e-05
-4.987771436682303e-05
-1.868621026422672e-07
-3.4092981147160796e-07
1.4728772642226276e-07
-1.705423748094258e-08
-2.426058924069367e-07
1.4035094175787604e-07
-2.594710644545927e-07
1.8778591324887698e-07
1.2673545387358368e-07
2.824178848297659e-07
2.937566396560219e-10
7.876527815747166e-10
-4.1353578891018464e-10
3.5419717643217943e-10
4.743800959016213e-10
-3.694209536108478e-10
-3.566348946490695e-10
4.739191584068512e-10
4.0303827320698066e-10
-3.5872963602161726e-10
1.030114605391232e-09
-5.203809098770335e-10
-4.848602219983216e-10
-2.8292859935017326e-10
-4.954070418478877e-10
