0.05858289155375729

6.079405948065914e-13
-0.002740108744732902
-0.0012829223588445794
0.002554848476219855
3.7871886453044836e-05
4.393855100433357e-05
-1.3781289905280385e-05
2.4820219901496866e-05
-1.590234742073803e-05
-4.9859488903696334e-05
-1.8801611923621172e-07
-3.456262205547411e-07
1.4862452016162906e-07
-2.4138820635443618e-08
-2.3607607862920418e-07
1.4153440673836677e-07
-2.620043709508139e-07
1.8803964061488507e-07
1.2904095878495078e-07
2.806261803056076e-07
2.9581928184883223e-10
7.957185853841156e-10
-4.13491101749272e-10
3.7084223053513554e-10
4.6003939962742954e-10
-3.677300446349524e-10
-3.4537497919782384e-10
4.74298566174597e-10
3.86340944899174e-10
-3.577273543969111e-10
1.033474745732702e-09
-5.22309641540307e-10
-4.829483800499887e-10
-2.8491255224901696e-10
-4.908771897417879e-10
