0.055005471752735985

5.977707077881418e-13
-0.0027556933834642365
-0.0013845909219238515
0.002696670604861227
3.8611845209020435e-05
4.629746279081908e-05
-1.571528167614048e-05
2.634388899973208e-05
-1.7457023549182677e-05
-4.9854183248484055e-05
-1.9067576459085114e-07
-3.593541832822695e-07
1.528926471434672e-07
-4.47646919740605e-08
-2.1723629626957945e-07
1.453399056861129e-07
-2.685160553886331e-07
1.8813340276392711e-07
1.3502113628278213e-07
2.759881845784357e-07
3.003987325979678e-10
8.194539923911503e-10
-4.141360051212906e-10
4.190431041759829e-10
4.187466352417505e-10
-3.636159636958622e-10
-3.121426075611514e-10
4.747878888022284e-10
3.3860877014788493e-10
-3.557018620718264e-10
1.0404438152782775e-09
-5.263873304351782e-10
-4.762227829643359e-10
-2.8952660387329274e-10
-4.790779600225074e-10
