0.04354851333433882

3.9982519449616465e-13
-0.002324554887554598
-0.0018431292208829343
0.0032021264850352316
3.3119173989022455e-05
5.6791000523262056e-05
-2.797708292640907e-05
2.540789941613022e-05
-1.2362901714273071e-05
-5.463916151073088e-05
-1.3598237025018966e-07
-4.231303589901207e-07
2.032659690292783e-07
-1.434742758692901e-07
-1.477734062643524e-07
1.9387773685889218e-07
-2.1040704239061862e-07
1.2083144588553658e-07
1.0020511772445456e-07
3.0689409775041195e-07
1.8601040334395237e-10
9.375782630224864e-10
-4.800497732047888e-10
6.126242855877149e-10
2.726466634143655e-10
-4.122010882810059e-10
-1.0171484970213154e-10
4.1548786734017696e-10
2.0048182420584383e-10
-4.240114555553738e-10
7.776554010861277e-10
-3.769662289000726e-10
-3.3501166741028735e-10
-2.240487946510515e-10
-5.454836290047557e-10
