0.06960048158217527

3.639637567547488e-13
-0.0010749333822639938
-0.0026640636745727205
0.002859987280585736
1.0067727833662694e-05
5.773524331010529e-05
-3.443786227232552e-05
1.5926476137714186e-05
2.2452404708150243e-05
-6.879823142941144e-05
3.9649908051490734e-08
-4.1290159626996927e-07
2.7036501401408184e-07
-1.6876861730735197e-07
-1.987418127988964e-07
2.5918063379498165e-07
-4.2662423623346754e-08
-1.0260400903956691e-07
-3.8093717400009466e-08
4.423509780802583e-07
-1.59406728751815e-10
9.075591160290267e-10
-6.079102610759752e-10
5.604941056589888e-10
3.2905640819399354e-10
-5.58705953386893e-10
2.716712207569273e-11
3.7431537084149286e-10
3.721243386008709e-10
-5.874398676292435e-10
1.4014404793549333e-10
1.4376350685805502e-10
-2.243151198963374e-12
-7.606815925040871e-11
-8.440690203415072e-10
