0.07628284504155866

4.0049993788394345e-13
-0.000901833023750638
-0.0028398122089468027
0.002774388836099292
6.591062507146326e-06
5.755352561253024e-05
-3.486693520566339e-05
1.526306853587666e-05
2.8293916714614654e-05
-7.104533467539727e-05
6.622884195759074e-08
-4.0825822130363504e-07
2.792846669619705e-07
-1.6762668346030188e-07
-2.1338664397294763e-07
2.6838837940385904e-07
-2.2971380580391535e-08
-1.3854169400294757e-07
-5.935738489546909e-08
4.639484784065854e-07
-2.1125488199546817e-10
8.96412814261034e-10
-6.263521255168303e-10
5.394817980880972e-10
3.4869284013168e-10
-5.842482064953873e-10
3.4530318793485454e-11
3.772629026258586e-10
4.1036445987412413e-10
-6.131767180016153e-10
5.956528145033542e-11
2.2790570266862284e-10
4.537370502411178e-11
-5.440455388348401e-11
-8.912214091551311e-10
