0.09228930980881095

4.865252260242476e-13
-0.0005463296477529797
-0.0031966795525093556
0.0025679725836414433
-9.260067228272182e-07
5.732029292832463e-05
-3.600369757785169e-05
1.3226910347848258e-05
4.1309239866531484e-05
-7.596732564659382e-05
1.2499241940635132e-07
-4.005791673765794e-07
3.0064264674197036e-07
-1.6297318622290236e-07
-2.500068575882927e-07
2.926445901345519e-07
2.4011244124613384e-08
-2.1415890934720864e-07
-1.1031260497023096e-07
5.125799095391784e-07
-3.278515958793562e-10
8.796349296519221e-10
-6.722257619754482e-10
4.852078888474598e-10
4.0986613550911814e-10
-6.505362267826379e-10
5.253446422372536e-11
3.7346601516446743e-10
5.073221870793334e-10
-6.802774748363473e-10
-1.2700746153226876e-10
4.105223030050776e-10
1.4190529000154317e-10
6.127606266604506e-12
-9.98509465148801e-10
