0.09823030508401509

5.033326389375527e-13
-0.00039885436420714255
-0.003298582449482623
0.002481798204301323
-4.074135341540484e-06
5.7436164212283945e-05
-3.6921498113476926e-05
1.1636236029862217e-05
4.659269292641096e-05
-7.777430462357499e-05
1.501286632231078e-07
-4.0029097152542827e-07
3.1120793705981305e-07
-1.6225262642425388e-07
-2.637104004901601e-07
3.055550725528437e-07
4.8604092874706545e-08
-2.425181778801166e-07
-1.3512066320448972e-07
5.323820255569245e-07
-3.790964846260116e-10
8.803274786544737e-10
-6.946747300094126e-10
4.643846413615149e-10
4.395190988904933e-10
-6.824360698826136e-10
6.756470960744726e-11
3.602893711179383e-10
5.480981243947605e-10
-7.140317533991882e-10
-2.1841950176772938e-10
4.81804054527429e-10
1.8016459199669109e-10
4.313293171758526e-11
-1.0440215535936049e-09
