0.09866958457610689

5.003430476004202e-13
-0.0003823762962079192
-0.003297641104541866
0.0024715974222634185
-4.416364898107954e-06
5.744880412128346e-05
-3.708424077974912e-05
1.1304262008179315e-05
4.711581587157853e-05
-7.79060306667876e-05
1.5287420198949842e-07
-4.006128786448369e-07
3.1257371303602317e-07
-1.6217832556300287e-07
-2.6487679931108503e-07
3.0732030711698063e-07
5.2190992897658225e-08
-2.448120918993432e-07
-1.3839854120378787e-07
5.343385117797688e-07
-3.8490339807057313e-10
8.815203797696686e-10
-6.975903657149793e-10
4.6216174142969264e-10
4.4343399783064587e-10
-6.864354674374882e-10
7.01432463474367e-11
3.56670008764084e-10
5.526283331535264e-10
-7.184630720425286e-10
-2.3051513791008107e-10
4.881373613354173e-10
1.837675327563524e-10
4.919363785794859e-11
-1.0489203524354615e-09
