0.10133703481570952

4.571734771371123e-13
-0.00024784017483391263
-0.0032489889060560557
0.002392654209609019
-7.088008495474212e-06
5.741154685499455e-05
-3.848047252113523e-05
8.222566355351475e-06
5.10112514677061e-05
-7.887734865397864e-05
1.740896568941335e-07
-4.0355379297836967e-07
3.240098591694002e-07
-1.6062117553727863e-07
-2.734623980242753e-07
3.2168653171980847e-07
8.258426659195867e-08
-2.603795307328756e-07
-1.6474114584338698e-07
5.496702145280092e-07
-4.301175331608093e-10
8.932765082362307e-10
-7.223216092440134e-10
4.438387687877534e-10
4.756744863868241e-10
-7.190059034434132e-10
9.021811180963503e-11
3.2338553941738334e-10
5.894798967067404e-10
-7.544286595252664e-10
-3.292320833012384e-10
5.332536586502616e-10
2.0945930093429407e-10
9.933076491949064e-11
-1.087864994437655e-09
