0.10192457772489188

3.754377244638352e-13
-0.00012765656628741556
-0.0031000257938870956
0.002320891619883249
-9.312965892612083e-06
5.709136811316077e-05
-3.992877145503172e-05
4.285959255727937e-06
5.3865225811102015e-05
-7.94668012899227e-05
1.9138680503055626e-07
-4.0738838847954175e-07
3.352605346512358e-07
-1.5680877502275222e-07
-2.8005818155128165e-07
3.3554835887401935e-07
1.1495019820536032e-07
-2.6703155642788606e-07
-1.897555749014781e-07
5.625559863351618e-07
-4.682416697558771e-10
9.098559384277188e-10
-7.477662762131094e-10
4.252365927954107e-10
5.1005657524446e-10
-7.501525117120078e-10
1.0789558963186292e-10
2.813349021701479e-10
6.258268563522872e-10
-7.892393615889371e-10
-4.2514787412571385e-10
5.592544125076258e-10
2.245669460160804e-10
1.512955852991745e-10
-1.1225188836706046e-09
