0.1019060624077266

3.634671529523538e-13
-0.00011406595451883999
-0.0030738254289765623
0.0023100086538963066
-9.56700742950999e-06
5.7011015917165006e-05
-4.008668626743186e-05
3.723796883367488e-06
5.4166560257618947e-05
-7.94889045751879e-05
1.9330207500925066e-07
-4.0776405935833554e-07
3.365182837226568e-07
-1.5601735056739565e-07
-2.808964633548496e-07
3.371796936080961e-07
1.191863356307791e-07
-2.6722834866799335e-07
-1.9292606458855577e-07
5.639087078965999e-07
-4.725720748321904e-10
9.118994554248361e-10
-7.507799275638175e-10
4.2240118549797365e-10
5.149416106334541e-10
-7.538551920563074e-10
1.0978709184855098e-10
2.75380618672376e-10
6.306753598946688e-10
-7.934711437875722e-10
-4.370703458995566e-10
5.611571892037922e-10
2.2574004591194722e-10
1.5824251551591322e-10
-1.1264514971104166e-09
