0.10352032708602607

9.96462451486957e-14
0.00012147568180390382
-0.002392572814977291
0.0020303142253222514
-1.4191886012047616e-05
5.342336456699379e-05
-4.1608933518946266e-05
-9.278659459581759e-06
6.005716045351579e-05
-8.08191445761038e-05
2.2666492967244353e-07
-4.064526440043698e-07
3.59817437874058e-07
-1.1936054815570896e-07
-3.1641858414762897e-07
3.6708877166152826e-07
2.08810143714972e-07
-2.6187156804469753e-07
-2.5186783264144716e-07
5.966556017390852e-07
-5.494479255480768e-10
9.424700845846288e-10
-8.168249986769836e-10
3.2265161539450495e-10
6.563151048874721e-10
-8.356014024382459e-10
1.1161186884366589e-10
1.5298026728554e-10
7.759756616532013e-10
-8.810818730514615e-10
-6.697858970340286e-10
5.878752219939477e-10
2.1916089959071618e-10
2.8042915448125885e-10
-1.2137419736975731e-09
