0.10764296212424834

7.134302087399567e-14
0.0001382541587707229
-0.0022495150155999004
0.0019388160231510385
-1.5162744514276413e-05
5.2496697086180195e-05
-4.1438054907410465e-05
-1.25856694642274e-05
6.227757419154841e-05
-8.209265458244154e-05
2.3509976337517214e-07
-4.054870059073399e-07
3.661657868662764e-07
-1.0441006867522357e-07
-3.3760369666610615e-07
3.7671398601349657e-07
2.3224549082952473e-07
-2.619119937519196e-07
-2.663376253507429e-07
6.105425747415358e-07
-5.698963460935852e-10
9.50170627638059e-10
-8.385085367395279e-10
2.8045574505014286e-10
7.186052761182502e-10
-8.664326076024105e-10
1.0265177669451208e-10
1.2513035281307342e-10
8.386695571622445e-10
-9.120561043795863e-10
-7.298598608081287e-10
6.037945507288344e-10
2.0708465861522242e-10
3.054679748363364e-10
-1.244847071536079e-09
