0.11293601562073258

8.001196538307437e-14
0.0001176387321896943
-0.002160575021223496
0.001849541590949511
-1.5765924819568958e-05
5.197426828595849e-05
-4.104842298216372e-05
-1.5109171990565851e-05
6.436244329284219e-05
-8.324422887720814e-05
2.416102232105594e-07
-4.0521885421682164e-07
3.7054819424881525e-07
-9.147619811842391e-08
-3.594080724957558e-07
3.8555810837979823e-07
2.5090367447948274e-07
-2.6211532777224784e-07
-2.787489748229434e-07
6.225541181786442e-07
-5.867169279901012e-10
9.569141346560615e-10
-8.558794263684369e-10
2.410125053787165e-10
7.809070642954838e-10
-8.946717796115896e-10
9.521440265744979e-11
1.0312131562334864e-10
8.979332156686776e-10
-9.410834016354083e-10
-7.788421513315201e-10
6.193095495635477e-10
1.9347717896847348e-10
3.271442285777887e-10
-1.2711524328671008e-09
