0.11557629349089071

9.34631113419483e-14
0.0001004271551942302
-0.0021391197141069334
0.0018128070282246494
-1.595475870070234e-05
5.188789276303511e-05
-4.0864593634404756e-05
-1.5987237770089545e-05
6.527318203149918e-05
-8.374752244631151e-05
2.4417478912379673e-07
-4.055072223600477e-07
3.721850626031263e-07
-8.660910174538758e-08
-3.690061150671139e-07
3.894345702472875e-07
2.578549953735507e-07
-2.62570650351562e-07
-2.837792296923123e-07
6.275294227461624e-07
-5.935729486270522e-10
9.600513377369302e-10
-8.62717906483459e-10
2.249799880758734e-10
8.078118784643176e-10
-9.067329670712217e-10
9.280648493861129e-11
9.508764657735611e-11
9.227345739053992e-10
-9.536340469069998e-10
-7.978442567740331e-10
6.267105875045529e-10
1.875951943525538e-10
3.3596863698027385e-10
-1.2818352203323572e-09
