0.11689641209541637

1.0018591185405737e-13
9.182947841031419e-05
-0.0021283947418360314
0.0017944410119709433
-1.6049289410904982e-05
5.184464390749137e-05
-4.0772689142415004e-05
-1.64262381284809e-05
6.572858073055383e-05
-8.39991745119905e-05
2.454576857715215e-07
-4.056511688196616e-07
3.730034049603104e-07
-8.417526689052024e-08
-3.7380499105710926e-07
3.913728720681736e-07
2.6133057268841563e-07
-2.627987238088826e-07
-2.8629431166125467e-07
6.300170035492022e-07
-5.970020049790869e-10
9.61619408896399e-10
-8.66136854825638e-10
2.1696335330225488e-10
8.212640114965204e-10
-9.127634770859882e-10
9.160222447504956e-11
9.107064753367012e-11
9.351351372921682e-10
-9.599094961058856e-10
-8.073454164448393e-10
6.304121693613699e-10
1.8465429486185945e-10
3.4038079538640625e-10
-1.287176389139135e-09
