0.13487958100325353

2.325667646590577e-13
-8.50532603984451e-05
-0.00205972770336562
0.001582917046963717
-1.65390190182007e-05
5.239697338481741e-05
-3.9734479094929435e-05
-2.1114175839344775e-05
7.105153344681338e-05
-8.69809474584364e-05
2.5863231274268e-07
-4.123662081495704e-07
3.8197317928864036e-07
-5.9416904300184504e-08
-4.335858231331664e-07
4.1725927121460625e-07
3.008029425196431e-07
-2.63813738312971e-07
-3.162848680677803e-07
6.585267638543254e-07
-6.358153797196998e-10
9.885018039800895e-10
-9.056426210642957e-10
1.2561809252342868e-10
9.924731646697191e-10
-9.883513155880958e-10
8.710212270052424e-11
4.197275542397143e-11
1.0841376226168616e-09
-1.0409525815525187e-09
-9.193007806872584e-10
6.735247105444849e-10
1.4312959478484322e-10
3.9686964366070966e-10
-1.3476549721653427e-09
