0.14053568447364173

2.8223222919774286e-13
-0.00014763590718184626
-0.0020543928299706234
0.0015202108374074669
-1.661675510230097e-05
5.277724265530548e-05
-3.948028870344328e-05
-2.2351891231784085e-05
7.263448676269085e-05
-8.776457945848583e-05
2.6247394850188716e-07
-4.1526054046109146e-07
3.8441527126730353e-07
-5.342081117412071e-08
-4.509983990040834e-07
4.2543062143842155e-07
3.120239630604053e-07
-2.641848556653723e-07
-3.2561795218105314e-07
6.662775638608961e-07
-6.475307674815634e-10
9.976532555823305e-10
-9.165719995916078e-10
1.0024565616445723e-10
1.043528465150109e-09
-1.0109683065255393e-09
8.879696477113858e-11
2.697559013079157e-11
1.1266855959658792e-09
-1.0657915313827518e-09
-9.527238225109937e-10
6.866375520413602e-10
1.310627933163298e-10
4.157318674849603e-10
-1.3642986774290636e-09
