0.14616105014094669

3.330353295009135e-13
-0.00021039856604665173
-0.002051282801254824
0.001457162265356892
-1.6695447197856354e-05
5.318164583943525e-05
-3.923986410643944e-05
-2.3555702005233336e-05
7.420619624939212e-05
-8.849390710335816e-05
2.663334010282456e-07
-4.182084926724579e-07
3.8674769105456007e-07
-4.775517968888265e-08
-4.680352354169966e-07
4.3357377690747915e-07
3.231011269552916e-07
-2.645941736512986e-07
-3.350536803267371e-07
6.736905123149324e-07
-6.592835872055638e-10
1.0067308121576251e-09
-9.270967241318923e-10
7.543226546604854e-11
1.0938733895923198e-09
-1.0332546842893762e-09
9.118793988890693e-11
1.18679447292121e-11
1.1682431589954316e-09
-1.090415571516929e-09
-9.861017626537058e-10
6.997028785697732e-10
1.1941194023999662e-10
4.3513579528131424e-10
-1.3803568055142604e-09
