0.1559241037437222

4.276172958640476e-13
-0.0003213921658368047
-0.002063509853439569
0.0013519477105440071
-1.686085587994143e-05
5.418403725442054e-05
-3.900425143440361e-05
-2.5520328284837695e-05
7.698503535571846e-05
-8.963921546938843e-05
2.736657922182055e-07
-4.2469578990953255e-07
3.909185150089513e-07
-4.053091244386697e-08
-4.959259861089737e-07
4.4842823878466937e-07
3.425565995662655e-07
-2.6617537005148807e-07
-3.524122875324729e-07
6.858571756022722e-07
-6.812397521362157e-10
1.0243320601824554e-09
-9.4469206077429e-10
3.6859475628674575e-11
1.1784958100907905e-09
-1.0716835730681464e-09
1.0094849815992119e-10
-1.543058568649249e-11
1.2359386989559425e-09
-1.1339144548348624e-09
-1.0473424317804702e-09
7.239165458994738e-10
1.0206159498068494e-10
4.720656254369693e-10
-1.4072158515909867e-09
