0.15949550666578968

4.695017117603447e-13
-0.000366603863244243
-0.0020831018767716383
0.0013155941625627146
-1.6848385819030555e-05
5.468223079442841e-05
-3.898574937065214e-05
-2.5941653499344754e-05
7.78996710991741e-05
-8.987534018917906e-05
2.7593150850980496e-07
-4.2758476333654105e-07
3.921509552218505e-07
-3.903608562708311e-08
-5.048762629287309e-07
4.53782015635237e-07
3.476647082494692e-07
-2.6656098565279056e-07
-3.5874796495737003e-07
6.890521031880016e-07
-6.884351566989966e-10
1.0311994450371855e-09
-9.498482324270794e-10
2.523834157508396e-11
1.2065648340482683e-09
-1.0848679143134656e-09
1.0581965882447109e-10
-2.4211507065373645e-11
1.2567607767807678e-09
-1.148998169867028e-09
-1.065065760475862e-09
7.31488732653013e-10
9.639155281416922e-11
4.871604546387102e-10
-1.4147669980868338e-09
