0.17333787237648243

6.440677938340068e-13
-0.0005560018169712793
-0.00220212354682047
0.0012024141590741366
-1.651886229705103e-05
5.7765777392441016e-05
-4.033329666701328e-05
-2.6758436238782914e-05
8.105380191211893e-05
-9.009425641466373e-05
2.849572225130606e-07
-4.475726849189632e-07
4.014975491995357e-07
-4.0063482506743384e-08
-5.333711195168226e-07
4.813782829483411e-07
3.6271399814134676e-07
-2.6464650819523185e-07
-3.889290772055839e-07
6.978483248119914e-07
-7.188568975232648e-10
1.0767907440269224e-09
-9.755262793038417e-10
-7.143250723008482e-12
1.3103472705397961e-09
-1.1475024140905186e-09
1.3962481670002286e-10
-6.726591075966517e-11
1.3238665779445879e-09
-1.2184138609874638e-09
-1.1265938463832182e-09
7.549648488836734e-10
7.256002210796415e-11
5.714268977974817e-10
-1.4398607919130905e-09
