0.18375046954698093

8.475365817867324e-13
-0.0007814841855920489
-0.0023826527574623115
0.0011170417713993253
-1.4549565776161045e-05
6.077428095842172e-05
-4.2393190328169985e-05
-2.34596574939553e-05
8.089870083309141e-05
-8.706398560674634e-05
2.79979667676904e-07
-4.6891576332055144e-07
4.0706451616401143e-07
-4.311582111198738e-08
-5.429687546789012e-07
5.031596935003511e-07
3.385639483752273e-07
-2.4544492662177304e-07
-4.1293987606610586e-07
6.845352129263198e-07
-7.190568582315104e-10
1.1243065132764105e-09
-9.856568445376052e-10
-2.0849991674070424e-11
1.368864872493542e-09
-1.1968508581043468e-09
1.57238985358319e-10
-9.055658410208807e-11
1.3383930353902604e-09
-1.2660335889556746e-09
-1.0711763442419528e-09
7.263523601929732e-10
3.627677117303213e-11
6.726051532583338e-10
-1.4247539912959576e-09
