0.19026950949954935

9.845257701108525e-13
-0.000923942924723375
-0.002533378153137514
0.0010793947682553307
-1.316752952412893e-05
6.3133304967864e-05
-4.436638778639221e-05
-2.0571066954159695e-05
8.056518639916912e-05
-8.477745833478529e-05
2.765869028948512e-07
-4.859530751519538e-07
4.127179834524252e-07
-4.7898165312202414e-08
-5.45430339105815e-07
5.193940221020458e-07
3.1764536754132115e-07
-2.321732828421488e-07
-4.2999188371979245e-07
6.740440977191904e-07
-7.190615800403698e-10
1.1618787912809352e-09
-9.941963045775356e-10
-2.2831288568518253e-11
1.399173548314792e-09
-1.2325564003189553e-09
1.7181780661485808e-10
-1.049496710258003e-10
1.3385040603266635e-09
-1.2991741311533379e-09
-1.022902455181322e-09
7.048920864014336e-10
1.3466909792367336e-11
7.472624980782529e-10
-1.412464851790951e-09
