0.19758004293884973

1.1418835843946992e-12
-0.001073572308707005
-0.0027378699758597805
0.001053495439218124
-1.1767224790415309e-05
6.630593977609834e-05
-4.7133683617370764e-05
-1.701912809805547e-05
8.040743977428545e-05
-8.223196505582577e-05
2.7467052891084854e-07
-5.082654636061799e-07
4.2111665520600454e-07
-5.729845106232883e-08
-5.455376895144744e-07
5.399798554828743e-07
2.937890940727541e-07
-2.1952608516128216e-07
-4.5149261929884063e-07
6.628265205952131e-07
-7.232241164368763e-10
1.2099676831274176e-09
-1.0062444192709243e-09
-1.7036448078517943e-11
1.4277111181332596e-09
-1.2757013490076129e-09
1.9556629320034276e-10
-1.2165120674625288e-10
1.332334047308739e-09
-1.3399328985171247e-09
-9.719476121078422e-10
6.849294712728123e-10
-6.614450991563233e-12
8.378618718486224e-10
-1.4006889108941977e-09
