0.1993687121929537

1.2164093316651282e-12
-0.0011547005872603814
-0.002825463496878439
0.0010422400686414387
-1.0913040087131262e-05
6.75515640751866e-05
-4.765413793393678e-05
-1.5295498418967918e-05
7.972015584059035e-05
-8.063965230540729e-05
2.708024768917911e-07
-5.14702063044493e-07
4.193042751388584e-07
-6.387302773885445e-08
-5.413455569025224e-07
5.430142032777023e-07
2.817441821551529e-07
-2.1341053477406922e-07
-4.5552887687579724e-07
6.532154103196238e-07
-7.178355906100453e-10
1.2203102350833143e-09
-9.995682161693163e-10
-7.237188963215906e-12
1.4273144695047748e-09
-1.2779746614588775e-09
2.0793998072413613e-10
-1.2310870052561114e-10
1.3161602276880688e-09
-1.3438558580221393e-09
-9.442975270918384e-10
6.701712553018687e-10
-1.163995704388499e-11
8.637806189233913e-10
-1.3846395668967993e-09
