0.19962785453105736

1.3175762618049916e-12
-0.0012822554393791675
-0.002920814743104791
0.0010208355637788822
-9.431068562149082e-06
6.87112926687042e-05
-4.7158676127194574e-05
-1.2914738798435038e-05
7.788028489165734e-05
-7.787716381618548e-05
2.6082357228484767e-07
-5.170182592410433e-07
4.0858809752131083e-07
-7.392334179090099e-08
-5.309047200625532e-07
5.375561537988548e-07
2.6351719447612924e-07
-2.0368689480144998e-07
-4.525162610181217e-07
6.340217189462426e-07
-6.990617347851335e-10
1.2163701870666176e-09
-9.73445730451924e-10
1.2438853628100833e-11
1.4102626697666415e-09
-1.256479930492748e-09
2.2261253933482448e-10
-1.1589680623668298e-10
1.2786710727183797e-09
-1.327849786250445e-09
-8.97731913708905e-10
6.401998382760267e-10
-1.468939740635754e-11
8.76088023183498e-10
-1.348173967581666e-09
