0.20092703184453142

1.4571976860525765e-12
-0.00144468432283301
-0.003054563562719529
0.000979836180100383
-7.772489849006475e-06
7.063728556601034e-05
-4.704115274547227e-05
-1.002926060876882e-05
7.60554836203764e-05
-7.413668942012316e-05
2.509702440385213e-07
-5.233260983997049e-07
3.9713334657635883e-07
-8.861393044275737e-08
-5.180387430459589e-07
5.34810731108905e-07
2.4289302968651973e-07
-1.9197792623482516e-07
-4.552309002767431e-07
6.101972195010814e-07
-6.823344949309928e-10
1.218857858160107e-09
-9.441506081885135e-10
3.799536357096864e-11
1.3953021508474728e-09
-1.2370539188940935e-09
2.4918487486691234e-10
-1.1409464509890329e-10
1.233627986855005e-09
-1.3167216153287415e-09
-8.495669929629879e-10
6.051154075812234e-10
-1.5617412973673943e-11
9.100136645053768e-10
-1.3056477701771026e-09
