0.20143223975354652

1.4791688138526368e-12
-0.0014709527255527572
-0.0030719176893846158
0.0009703989795379823
-7.554888436797499e-06
7.098204137289681e-05
-4.708778825110188e-05
-9.727434975061209e-06
7.590249634017108e-05
-7.362072423209938e-05
2.5000835041829197e-07
-5.248508530086769e-07
3.959606928203008e-07
-9.062165782768203e-08
-5.170271770351128e-07
5.353751975175626e-07
2.409586159858109e-07
-1.901855371738138e-07
-4.56767020060431e-07
6.072445042482283e-07
-6.812330491349475e-10
1.2208449873732485e-09
-9.411592647397334e-10
4.0503223623152594e-11
1.396502459645213e-09
-1.2364530316312234e-09
2.5408236976765047e-10
-1.1584872298220734e-10
1.2296014292141624e-09
-1.3175350954694008e-09
-8.459102543582019e-10
6.007829099521328e-10
-1.6375651792882e-11
9.178492181108618e-10
-1.3008081281993324e-09
