0.000874767058913167	0.00182572102722398	0.00531754819713643	-3.49657314840369e-05	-0.000215434353151489	0.000173525770869060	2.66285703388741e-07
0.000887741656595164	0.00181530922379183	0.00555634701123189	-3.55252403402792e-05	-0.000221638054359762	0.000182616485122563	2.35065784046520e-07
0.000900716201494482	0.00180489730769996	0.00579514615444374	-3.60847480117104e-05	-0.000227841753462404	0.000191707198077295	2.03845843877292e-07
0.000913690825956081	0.00179448547338817	0.00603394500273915	-3.66442567859225e-05	-0.000234045452337507	0.000200797908440540	1.72625937908899e-07
0.000926665393627875	0.00178407358256884	0.00627274401992778	-3.72037654333743e-05	-0.000240249145196393	0.000209888623017262	1.41405925770615e-07
0.000939639714704290	0.00177366182296566	0.00651154280428488	-3.77632726645985e-05	-0.000246452842094193	0.000218979332585626	1.10185992957450e-07
0.000963478013228514	0.00173476965903990	0.00684274396689474	-3.83291899428375e-05	-0.000254298848047260	0.000231988029777825	5.81116541896209e-08
0.000987316052751777	0.00169587771121001	0.00717394532089324	-3.88951066525992e-05	-0.000262144854829713	0.000244996725970857	6.03732369639523e-09
0.00101115433860491	0.00165698556203497	0.00750514651639349	-3.94610238454960e-05	-0.000269990861556079	0.000258005422031475	-4.60370003580162e-08
0.00103499261117811	0.00161809343513716	0.00783634772779182	-4.00269411161466e-05	-0.000277836869829402	0.000271014118478550	-9.81113147804366e-08
0.00105883057970302	0.00157920140433814	0.00816754883839967	-4.05928572509994e-05	-0.000285682875412157	0.000284022814656445	-1.50185661833970e-07
0.00107634695045339	0.00151473073599309	0.00860232891304457	-4.09863673665627e-05	-0.000296361546612737	0.000301063003413367	-2.14673638761853e-07
0.00109386304875814	0.00145026015669845	0.00903710879611939	-4.13798768969065e-05	-0.000307040208999485	0.000318103192631648	-2.79161716328041e-07
0.00111137975729277	0.00138578916934110	0.00947188886688065	-4.17733880823795e-05	-0.000317718885855525	0.000335143384802706	-3.43649666281821e-07
0.00112889586326697	0.00132131857650540	0.00990666875941895	-4.21668975007012e-05	-0.000328397547004119	0.000352183572758832	-4.08137746033786e-07
0.00114641223401734	0.00125684790816035	0.0103414488340638	-4.25604076162646e-05	-0.000339076218204698	0.000369223761515754	-4.72625722961670e-07
0.00114277310942443	0.00118541740221532	0.0108275841316255	-4.25757403623405e-05	-0.000352378753444687	0.000388849253628854	-5.35650540640149e-07
0.00113913440117915	0.00111398679067745	0.0113137192526622	-4.25910744768048e-05	-0.000365681291101759	0.000408474745225037	-5.98675319871920e-07
0.00113549527642780	0.00104255629158349	0.0117998545476419	-4.26064073284689e-05	-0.000378983825968506	0.000428100236847903	-6.61700135220740e-07
0.00113185656798108	0.000971125668409655	0.0122859896713389	-4.26217412384482e-05	-0.000392286363124311	0.000447725728477060	-7.24724922746200e-07
0.00112821772905805	0.000899695057282305	0.0127721251549329	-4.26370745626302e-05	-0.000405588905770091	0.000467351219120719	-7.87749642354762e-07
0.00106782103881532	0.000822799891579802	0.0132096804720794	-4.13810676457286e-05	-0.000418269263756165	0.000486249227136265	-8.36010600302295e-07
0.00100742468290560	0.000745904560779171	0.0136472359601561	-4.01250612571992e-05	-0.000430949622641438	0.000505147228423612	-8.84271467569165e-07
0.000947028072960542	0.000669009426481084	0.0140847916275915	-3.88690541310695e-05	-0.000443629983709504	0.000524045231290175	-9.32532339310835e-07
0.000886631665667630	0.000592114151589831	0.0145223471207708	-3.76130477024509e-05	-0.000456310349148439	0.000542943238623282	-9.80793206357074e-07
0.000826234966157869	0.000515218974760020	0.0149599025510153	-3.63570402878036e-05	-0.000468990709701073	0.000561841240742483	-1.02905407840087e-06
0.000755881572343337	0.000439675307211127	0.0152919903441469	-3.46357989906090e-05	-0.000477729158348729	0.000574250777185853	-1.04066471839439e-06
0.000685527879590435	0.000364131733523716	0.0156240780428024	-3.29145565762527e-05	-0.000486467604149110	0.000586660313440906	-1.05227539720112e-06
0.000615173893976318	0.000288588432730877	0.0159561658979348	-3.11933139593009e-05	-0.000495206052188208	0.000599069850341842	-1.06388606231795e-06
0.000544820504248869	0.000213044763227393	0.0162882536763157	-2.94720727240238e-05	-0.000503944499938010	0.000611479386896866	-1.07549671174960e-06
0.000474466748739266	0.000137501288967758	0.0166203414014928	-2.77508306932845e-05	-0.000512682950327423	0.000623888923845722	-1.08710734976433e-06
0.000437627083267936	5.90716313778562e-05	0.0168808275029430	-2.62795939185529e-05	-0.000517955634461916	0.000628678477272428	-1.06534956261193e-06
0.000400787220375867	-1.93578674215246e-05	0.0171413138519254	-2.48083577509266e-05	-0.000523228324376511	0.000633468036184737	-1.04359177022305e-06
0.000363947524088908	-9.77874870242219e-05	0.0174017999245126	-2.33371210897928e-05	-0.000528501011502790	0.000638257593766391	-1.02183399307325e-06
0.000327108000627077	-0.000176217156699591	0.0176622863671126	-2.18658855680491e-05	-0.000533773703436348	0.000643047154583512	-1.00007619424866e-06
0.000290268362036379	-0.000254646827457563	0.0179227725800372	-2.03946499227425e-05	-0.000539046396185288	0.000647836714546083	-9.78318380381917e-07
0.000264228126257948	-0.000306838756741033	0.0181162055668932	-1.93306967130805e-05	-0.000541065793169186	0.000647971420065766	-9.50065812210228e-07
0.000238187911335159	-0.000359030685884965	0.0183096386733918	-1.82667447160816e-05	-0.000543085199625898	0.000648106132518313	-9.21813214410703e-07
0.000212147607107862	-0.000411222486221846	0.0185030716170377	-1.72027923618575e-05	-0.000545104599487353	0.000648240840748022	-8.93560637377339e-07
0.000186107915812992	-0.000463414677382545	0.0186965046575424	-1.61388420745463e-05	-0.000547124011046550	0.000648375556185608	-8.65308006114468e-07
0.000160067777960303	-0.000515606735256869	0.0188899377741525	-1.50748894603262e-05	-0.000549143412952745	0.000648510265418329	-8.37055421605232e-07
0.000162914423268257	-0.000567714137710793	0.0190640926797663	-1.42933471964929e-05	-0.000544850240264356	0.000640218468147939	-8.01666699242230e-07
0.000165761289499339	-0.000619821690674967	0.0192382474539257	-1.35118057041771e-05	-0.000540557070803977	0.000631926672125617	-7.66277955766734e-07
0.000168608275191909	-0.000671929404311706	0.0194124023431822	-1.27302646901505e-05	-0.000536263902770822	0.000623634877849583	-7.30889210921508e-07
0.000171454944942810	-0.000724036839298613	0.0195865572733881	-1.19487222997860e-05	-0.000531970727811736	0.000615343077393329	-6.95500481077048e-07
0.000174301943633155	-0.000776144553090595	0.0197607121382081	-1.11671815742025e-05	-0.000527677557787936	0.000607051281686111	-6.60111734817466e-07
0.000169320267254204	-0.000801005021320048	0.0199521403981911	-1.05810311550768e-05	-0.000524103973973179	0.000597465356083170	-6.13732744347409e-07
0.000164339002078932	-0.000825865929485594	0.0201435686187743	-9.99488130281793e-06	-0.000520530389580052	0.000587879431649648	-5.67353764025914e-07
0.000159357719529039	-0.000850726612943152	0.0203349970880446	-9.40873264576675e-06	-0.000516956813619282	0.000578293511719753	-5.20974739467450e-07
0.000154376284085088	-0.000875587262415580	0.0205264251929202	-8.82258290865586e-06	-0.000513383230045036	0.000568707585893972	-4.74595739522705e-07
0.000149395013200501	-0.000900447965935143	0.0207178536492699	-8.23643414351152e-06	-0.000509809651749844	0.000559121665163947	-4.28216731685213e-07
0.000160675473082084	-0.000941405493920180	0.0209210934431238	-7.62599025004661e-06	-0.000502760514658264	0.000545755210141284	-3.81806082222575e-07
0.000171956027212817	-0.000982363160550195	0.0211243333717113	-7.01554668534319e-06	-0.000495711382703434	0.000532388759953880	-3.35395432013621e-07
0.000183236658274200	-0.00102332074518107	0.0213275735246608	-6.40510382036938e-06	-0.000488662250292493	0.000519022308866903	-2.88984768869606e-07
0.000194517096016409	-0.00106427826046021	0.0215308133248076	-5.79465971214978e-06	-0.000481613116211465	0.000505655857129494	-2.42574127788496e-07
0.000205797721268072	-0.00110523584078849	0.0217340534745272	-5.18421682246782e-06	-0.000474563984423317	0.000492289406907086	-1.96163467379265e-07
0.000226125525040250	-0.00115362385788635	0.0219609664340116	-4.58940933259483e-06	-0.000465331871675151	0.000475558451519345	-1.39968340613821e-07
0.000246453444041325	-0.00120201207777601	0.0221878795504705	-3.99460154509473e-06	-0.000456099765474351	0.000458827502587139	-8.37732199532308e-08
0.000266781295613278	-0.00125040033376975	0.0224147924238751	-3.39979395979322e-06	-0.000446867654309571	0.000442096547437385	-2.75780814009630e-08
0.000287109153938762	-0.00129878846103984	0.0226417054036553	-2.80498570822625e-06	-0.000437635538886091	0.000425365590485343	2.86170296548891e-08
0.000307437036290826	-0.00134717658727160	0.0228686184831415	-2.21017878421047e-06	-0.000428403432547042	0.000408634640832751	8.48121663568295e-08
0.000326355186888496	-0.00138762811113973	0.0230854130368683	-1.63786964365136e-06	-0.000418304107364563	0.000390999307632032	1.42713680514693e-07
0.000345272835333782	-0.00142807943157097	0.0233022076231128	-1.06555839640198e-06	-0.000408204778158741	0.000373363975177407	2.00615138313660e-07
0.000364190880960106	-0.00146853081152794	0.0235190020094667	-4.93248886961205e-07	-0.000398105448294935	0.000355728639430591	2.58516635753255e-07
0.000383109059763968	-0.00150898239977410	0.0237357965525376	7.90606697327832e-08	-0.000388006123934339	0.000338093308515719	3.16418136861990e-07
0.000402026981640282	-0.00154943394898740	0.0239525909807203	6.51371403896350e-07	-0.000377906790162341	0.000320457971728024	3.74319599243685e-07
0.000420703176422364	-0.00157821000469814	0.0240930493499922	1.10664452251852e-06	-0.000364390848851977	0.000301673491059723	4.16424596379661e-07
0.000439379897911442	-0.00160698631655061	0.0242335076586186	1.56191580549761e-06	-0.000350874912361829	0.000282889012837836	4.58529628467249e-07
0.000458056158554310	-0.00163576248583098	0.0243739660293441	2.01718948362716e-06	-0.000337358967620462	0.000264104530349669	5.00634610013975e-07
0.000476732357532104	-0.00166453853545661	0.0245144243711686	2.47246237235007e-06	-0.000323843024803994	0.000245320049282166	5.42739601011173e-07
0.000495408889910153	-0.00169331476551556	0.0246548827981490	2.92773487183567e-06	-0.000310327084762208	0.000226535572027766	5.84844584027933e-07
0.000522311391558082	-0.00172041704781334	0.0246852363412959	3.22841154394725e-06	-0.000291732648412413	0.000206761578958182	5.96450122791816e-07
0.000549214302137691	-0.00174751942747089	0.0247155896367392	3.52908670467267e-06	-0.000273138213202784	0.000186987587686266	6.08055672256073e-07
0.000576116692319373	-0.00177462156136879	0.0247459430489244	3.82976387405596e-06	-0.000254543774128939	0.000167213592541040	6.19661202122473e-07
0.000603019364926775	-0.00180172375900741	0.0247762964894888	4.13043964191469e-06	-0.000235949338026292	0.000147439601540718	6.31266735285562e-07
0.000629921754724982	-0.00182882589222826	0.0248066499012009	4.43111680569688e-06	-0.000217354899014355	0.000127665606458600	6.42872265261251e-07
0.000673490044911677	-0.00186492123853119	0.0247505440058840	4.65529195129333e-06	-0.000192994990191775	0.000105607374319134	6.28189867387976e-07
0.000717058439987802	-0.00190101640115936	0.0246944380943591	4.87946603170942e-06	-0.000168635088485306	8.35491452447762e-05	6.13507510939485e-07
0.000760626474982404	-0.00193711154886188	0.0246383323785080	5.10364190105075e-06	-0.000144275182022899	6.14909148162212e-05	5.98825109101329e-07
0.000804194981524781	-0.00197320685988994	0.0245822265979447	5.32781548419512e-06	-0.000119915283040479	3.94326878175060e-05	5.84142761550322e-07
0.000847763270405103	-0.00200930220831654	0.0245261207111951	5.55199069334644e-06	-9.55553746771004e-05	1.73744554754051e-05	5.69460370563415e-07
0.000907073826822774	-0.00203722113947350	0.0243839641718780	5.53344479203173e-06	-6.51793708056124e-05	-7.84881756966847e-06	5.35043520655829e-07
0.000966385013642301	-0.00206514048143221	0.0242418075660776	5.51489757582759e-06	-3.48033630801408e-05	-3.30720948433216e-05	5.00626691164880e-07
0.00102569582569002	-0.00209305960075019	0.0240996508529130	5.49635078316099e-06	-4.42735725155760e-06	-5.82953699702434e-05	4.66209854144852e-07
0.00108500650011137	-0.00212097870827221	0.0239574943080114	5.47780552086429e-06	2.59486576771191e-05	-8.35186512772834e-05	4.31792979150556e-07
0.00114431758854068	-0.00214889790099469	0.0238153377073698	5.45925774803632e-06	5.63246571112440e-05	-0.000108741922956143	3.97376175743173e-07
0.00118519073501783	-0.00214089196559276	0.0235988488438165	5.35513035220726e-06	8.72262066348148e-05	-0.000132468137405420	3.46256914269612e-07
0.00122606406672988	-0.00213288610591471	0.0233823598529800	5.25100171844617e-06	0.000118127752939082	-0.000156194352239855	2.95137690800602e-07
0.00126693741788890	-0.00212488030997541	0.0231658708253203	5.14687359542172e-06	0.000149029298061893	-0.000179920562845050	2.44018439855707e-07
0.00130781079446738	-0.00211687454402024	0.0229493818264537	5.04274555022947e-06	0.000179930845488717	-0.000203646777004851	1.92899199740846e-07
0.00134868394607947	-0.00210886861761302	0.0227328929799385	4.93861825528527e-06	0.000210832395722041	-0.000227372992651832	1.41779939803397e-07
0.00135973419361443	-0.00203929175392267	0.0224214911535241	4.71811412127931e-06	0.000243071783956822	-0.000250573111899387	7.68822341861316e-08
0.00137078406854464	-0.00196971470106533	0.0221100891315302	4.49761179708719e-06	0.000275311181627828	-0.000273773239156170	1.19845030458745e-08
0.00138183420110565	-0.00190013768670023	0.0217986871785678	4.27710819573217e-06	0.000307550571989387	-0.000296973360077094	-5.29132105172121e-08
0.00139288434949590	-0.00183056068706036	0.0214872852064906	4.05660450276049e-06	0.000339789965063414	-0.000320173482902845	-1.17810927306150e-07
0.00140393422321023	-0.00176098363296782	0.0211758831892223	3.83610218958820e-06	0.000372029362424587	-0.000343373610135814	-1.82708656078740e-07
0.00136124948141408	-0.00160797834681832	0.0207805487387943	3.56568457659316e-06	0.000401312233643809	-0.000362888745696706	-2.52734569656598e-07
0.00131856483853294	-0.00145497299697487	0.0203852145119544	3.29526616360827e-06	0.000430595107834710	-0.000382403884652393	-3.22760468467460e-07
0.00127588000008826	-0.00130196757430848	0.0199898799654705	3.02484905589191e-06	0.000459877983471579	-0.000401919025901354	-3.92786374023289e-07
0.00123319504751472	-0.00114896212667100	0.0195945456261146	2.75443183440531e-06	0.000489160860407368	-0.000421434164492219	-4.62812311732533e-07
0.00119051023327823	-0.000995956720061183	0.0191992110423513	2.48401445294442e-06	0.000518443739175184	-0.000440949307457897	-5.32838222349151e-07
0.00108573968131087	-0.000760347613703212	0.0187760887051587	2.21162881015595e-06	0.000538836490894387	-0.000452088646755317	-6.02573796473322e-07
0.000980969284264576	-0.000524738406317117	0.0183529662948633	1.93924235421627e-06	0.000559229239061140	-0.000463227981890511	-6.72309370986860e-07
0.000876198729550048	-0.000289129289369087	0.0179298439456862	1.66685655316132e-06	0.000579621990140041	-0.000474367320451413	-7.42044942694892e-07
0.000771428335859536	-5.35200884741330e-05	0.0175067215397696	1.39447014611555e-06	0.000600014738776077	-0.000485506656543190	-8.11780511083951e-07
0.000666657644627198	0.000182089205307843	0.0170835990426444	1.12208482517379e-06	0.000620407490479349	-0.000496645993773805	-8.81516107711541e-07
0.000470950636685409	0.000545311787156745	0.0166241692174501	7.25616130672779e-07	0.000629829826710045	-0.000498414817797248	-9.39156740624306e-07
0.000275243406697609	0.000908534341439792	0.0161647394296992	3.29148236406920e-07	0.000639252159391364	-0.000500183636454883	-9.96797403498593e-07
7.95363753459273e-05	0.00127175694852478	0.0157053095675150	-6.73205136725212e-08	0.000648674493795123	-0.000501952456879192	-1.05443805160153e-06
-0.000116170660492461	0.00163497956607884	0.0152458797000263	-4.63789353634146e-07	0.000658096827834732	-0.000503721276529646	-1.11207870461581e-06
-0.000311878000657660	0.00199820226527818	0.0147864498036643	-8.60256687928276e-07	0.000667519162393964	-0.000505490097782050	-1.16971936395662e-06
-0.000575017130705586	0.00245746020231315	0.0143533759266469	-1.32814000108818e-06	0.000665317926669982	-0.000499104296311921	-1.20150603136076e-06
-0.000838156292017137	0.00291671816448060	0.0139203020325553	-1.79602321443348e-06	0.000663116685326001	-0.000492718488058846	-1.23329271287058e-06
-0.00110129578394562	0.00337597629752319	0.0134872281075502	-2.26390579654093e-06	0.000660915447034677	-0.000486332686308742	-1.26507937019958e-06
-0.00136443491630485	0.00383523422649637	0.0130541542800890	-2.73178928808698e-06	0.000658714204072179	-0.000479946877591159	-1.29686604210833e-06
-0.00162757382181610	0.00429449198707500	0.0126210802882098	-3.19967312967026e-06	0.000656512962566214	-0.000473561072577288	-1.32865268590205e-06
-0.00199633964596071	0.00491857741856371	0.0122043919110319	-4.17163741542770e-06	0.000640812449589804	-0.000457704704725869	-1.32596484080740e-06
-0.00236510524398102	0.00554266271303752	0.0117877034230208	-5.14360279849978e-06	0.000625111935978797	-0.000441848340061440	-1.32327695186374e-06
-0.00273387088834363	0.00616674804963511	0.0113710149411305	-6.11556800537962e-06	0.000609411416855824	-0.000425991969843038	-1.32058907009884e-06
-0.00310263643937233	0.00679083325232552	0.0109543264559960	-7.08753281947735e-06	0.000593710904995586	-0.000410135605249815	-1.31790120036741e-06
-0.00347140206744919	0.00741491858720314	0.0105376379472231	-8.05949834923419e-06	0.000578010388326915	-0.000394279236869711	-1.31521331703452e-06
-0.00390819873548624	0.00814950324122896	0.0101431477544525	-9.39571660977547e-06	0.000552669053985561	-0.000372366247680975	-1.28028205664372e-06
-0.00434499515720315	0.00888408774561549	0.00974865745133027	-1.07319361134292e-05	0.000527327722270793	-0.000350453264905445	-1.24535075134492e-06
-0.00478179176641481	0.00961867233867653	0.00935416728044876	-1.20681547452450e-05	0.000501986390913355	-0.000328540278291292	-1.21041948882100e-06
-0.00521858843986737	0.0103532570316647	0.00895967714392181	-1.34043734543257e-05	0.000476645057599294	-0.000306627293671676	-1.17548819535448e-06
-0.00565538536374120	0.0110878417331217	0.00856518684945107	-1.47405907894054e-05	0.000451303730615977	-0.000284714309103507	-1.14055696350757e-06
-0.00613549186349181	0.0119078408176874	0.00818468016857652	-1.66145392648685e-05	0.000419687252453599	-0.000259646816767528	-1.07248233977548e-06
-0.00661559873251699	0.0127278402531751	0.00780417346581833	-1.84884866748262e-05	0.000388070776584194	-0.000234579323105883	-1.00440775691878e-06
-0.00709570543677127	0.0135478394829859	0.00742366688455918	-2.03624346455738e-05	0.000356454304745115	-0.000209511833491223	-9.36333165507113e-07
-0.00757581197325106	0.0143678386109617	0.00704316017454448	-2.22363832190635e-05	0.000324837822903410	-0.000184444336247168	-8.68258553053160e-07
-0.00805591899125062	0.0151878379402549	0.00666265353203024	-2.41103298655870e-05	0.000293221351117647	-0.000159376846377448	-8.00183978082068e-07
-0.00854913820370933	0.0160386780244807	0.00628800727737058	-2.60598858713375e-05	0.000260027002657490	-0.000134877873779926	-7.11497817622143e-07
-0.00904235761136747	0.0168895180539001	0.00591336106220647	-2.80094411333451e-05	0.000226832653147958	-0.000110378898642827	-6.22811680353348e-07
-0.00953557678942196	0.0177403580523715	0.00553871481049854	-2.99589964593313e-05	0.000193638303965890	-8.58799237045171e-05	-5.34125539145602e-07
-0.0100287962907154	0.0185911982188620	0.00516406846786972	-3.19085513660458e-05	0.000160443959487040	-6.13809536053312e-05	-4.45439400502889e-07
-0.0105220153472214	0.0194420380562545	0.00478942234661020	-3.38581071434375e-05	0.000127249609419703	-3.68819777328106e-05	-3.56753259743548e-07
-0.0109260859477637	0.0201615348695106	0.00444801872781224	-3.54365413417430e-05	9.93772676106597e-05	-1.78340775722187e-05	-2.66999077976822e-07
-0.0113301558732883	0.0208810311910433	0.00410661518929956	-3.70149771721972e-05	7.15049192107950e-05	1.21382793790204e-06	-1.77244876300682e-07
-0.0117342263747356	0.0216005278709079	0.00376521170376546	-3.85934118846800e-05	4.36325731469964e-05	2.02617315269498e-05	-8.74906850043712e-08
-0.0121382963776621	0.0223200242937299	0.00342380805662886	-4.01718470307974e-05	1.57602310131834e-05	3.93096307825911e-05	2.26351295549283e-09
-0.0125423668802593	0.0230395209734281	0.00308240457305823	-4.17502817150095e-05	-1.21121152079411e-05	5.83575344436713e-05	9.20177046984546e-08
-0.0128103091602110	0.0235354581124646	0.00278620560671399	-4.22736454185193e-05	-3.08414967978645e-05	6.97498730242845e-05	1.59993577345243e-07
-0.0130782517681362	0.0240313955468549	0.00249000667712951	-4.27970077996257e-05	-4.95708727070591e-05	8.11422071057432e-05	2.27969428725907e-07
-0.0133461946040208	0.0245273330100878	0.00219380780875525	-4.33203700940050e-05	-6.83002500294479e-05	9.25345403114855e-05	2.95945299661337e-07
-0.0136141371005720	0.0250232702957981	0.00189760901103646	-4.38437329654675e-05	-8.70296287024213e-05	0.000103926876442012	3.63921160617192e-07
-0.0138820796248236	0.0255192076228029	0.00160141020387723	-4.43670960148571e-05	-0.000105759010424524	0.000115319215508971	4.31897023205120e-07
-0.0139654230973676	0.0257265529714624	0.00137901050484508	-4.38509306211704e-05	-0.000113673331339540	0.000118283607866542	4.68757455455979e-07
-0.0140487666844807	0.0259338983440124	0.00115661108479102	-4.33347651611466e-05	-0.000121587652703573	0.000121248000956755	5.05617883417728e-07
-0.0141321101737873	0.0261412437088003	0.000934211419853465	-4.28185996507797e-05	-0.000129501976778089	0.000124212394711794	5.42478327353419e-07
-0.0142154538597704	0.0263485890412570	0.000711811756523045	-4.23024338152583e-05	-0.000137416300471969	0.000127176790551014	5.79338747010709e-07
-0.0142987976113076	0.0265559346619161	0.000489412206927540	-4.17862684373756e-05	-0.000145330621660945	0.000130141182104712	6.16199187930604e-07
-0.0142380274920609	0.0265440574036066	0.000331056606853023	-4.05477308970830e-05	-0.000146970894529764	0.000128480682174122	6.30054634698880e-07
-0.0141772576329844	0.0265321801826451	0.000172700945080346	-3.93091920071110e-05	-0.000148611160637178	0.000126820175995563	6.43910068025461e-07
-0.0141164875133038	0.0265203029215818	1.43453499835193e-05	-3.80706544265405e-05	-0.000150251433619944	0.000125159675800565	6.57765518819288e-07
-0.0140557179008373	0.0265084258747131	-0.000144010145301276	-3.68321145929332e-05	-0.000151891700181349	0.000123499170929865	6.71620932327147e-07
-0.0139949480700037	0.0264965486937095	-0.000302365828843610	-3.55935758774366e-05	-0.000153531969132100	0.000121838668272626	6.85476360243729e-07
-0.0138372736721404	0.0263398915380942	-0.000423885027459051	-3.39060628357651e-05	-0.000151832203757701	0.000118155987854372	6.82096844465791e-07
-0.0136795994952060	0.0261832343500875	-0.000545404180536593	-3.22185489304280e-05	-0.000150132442074762	0.000114473312319195	6.78717305454013e-07
-0.0135219248966725	0.0260265770623477	-0.000666923540447730	-3.05310366581477e-05	-0.000148432681642180	0.000110790636048424	6.75337802276676e-07
-0.0133642508842714	0.0258699201266341	-0.000788442838296746	-2.88435229402717e-05	-0.000146732919958008	0.000107107959545675	6.71958275680428e-07
-0.0132065764123825	0.0257132628553071	-0.000909961906106126	-2.71560102339598e-05	-0.000145033161569000	0.000103425285820111	6.68578759904159e-07
-0.0129908367419642	0.0254543184209689	-0.000979760173974844	-2.53335175862880e-05	-0.000142572977558571	0.000100369420128696	6.50020000339986e-07
-0.0127750967007031	0.0251953738195993	-0.00104955822479987	-2.35110269612189e-05	-0.000140112799510950	9.73135568368364e-05	6.31461288869228e-07
-0.0125593566813336	0.0249364290595596	-0.00111935650561313	-2.16885354849228e-05	-0.000137652619281180	9.42576929319454e-05	6.12902556599813e-07
-0.0123436170330416	0.0246774846731313	-0.00118915472481932	-1.98660430302134e-05	-0.000135192435141018	9.12018236852828e-05	5.94343826157802e-07
-0.0121278769513347	0.0244185399930055	-0.00125895278412421	-1.80435519518749e-05	-0.000132732256085731	8.81459616613156e-05	5.75785089925015e-07
-0.0118848308785780	0.0240973316360183	-0.00130870545934974	-1.59766796624572e-05	-0.000130545232979899	8.62573734525903e-05	5.47673903512317e-07
-0.0116417853552348	0.0237761235605247	-0.00135845805697993	-1.39098055096727e-05	-0.000128358208266434	8.43687851444448e-05	5.19562686790123e-07
-0.0113987393415393	0.0234549152760088	-0.00140821073526487	-1.18429333312884e-05	-0.000126171192120671	8.24802036755471e-05	4.91451498727418e-07
-0.0111556931610132	0.0231337067712974	-0.00145796328548040	-9.77606150067263e-06	-0.000123984172160514	8.05916183977286e-05	4.63340316876400e-07
-0.0109126476337197	0.0228124986946013	-0.00150771589705614	-7.70918741840608e-06	-0.000121797146755442	7.87030302386304e-05	4.35229092756117e-07
-0.0106857637487755	0.0224957622177917	-0.00154783168798962	-5.54362960616467e-06	-0.000119527531941110	7.67135341795298e-05	4.07739250458040e-07
-0.0104588801673550	0.0221790260391564	-0.00158794734366894	-3.37807182545865e-06	-0.000117257920560721	7.47240412105100e-05	3.80249408717977e-07
-0.0102319965583792	0.0218622898360767	-0.00162806301068407	-1.21251418031698e-06	-0.000114988305689831	7.27345448565347e-05	3.52759572214494e-07
-0.0100051129063480	0.0215455535433991	-0.00166817868370214	9.53044060136699e-07	-0.000112718689150791	7.07450494245350e-05	3.25269705895856e-07
-0.00977822930247431	0.0212288173411031	-0.00170829434504869	3.11860181890066e-06	-0.000110449074281578	6.87555535914382e-05	2.97779859199877e-07
-0.00952867110255846	0.0208744270321233	-0.00172855758125421	5.44949324854429e-06	-0.000105716000263984	6.39218478580544e-05	2.72322172882860e-07
-0.00927911303124443	0.0205200369213795	-0.00174882092532521	7.78038481869045e-06	-0.000100982921678374	5.90881362238045e-05	2.46864495045531e-07
-0.00902955495163719	0.0201656467979752	-0.00176908428544803	1.01112764084193e-05	-9.62498417552727e-05	5.42544242311955e-05	2.21406809603842e-07
-0.00877999692219485	0.0198112567426318	-0.00178934764864487	1.24421677815417e-05	-9.15167683049162e-05	4.94207176208796e-05	1.95949135994625e-07
-0.00853043878507586	0.0194568665124832	-0.00180961101237068	1.47730599782082e-05	-8.67836852207186e-05	4.45870046216511e-05	1.70491427836325e-07
-0.00826324239259824	0.0190824292096280	-0.00181716390307170	1.70513759274246e-05	-8.14219900421189e-05	3.90869038911993e-05	1.46045840512635e-07
-0.00799604579493793	0.0187079917679576	-0.00182471695275352	1.93296911615669e-05	-7.60602986803098e-05	3.35868067457947e-05	1.21600256925487e-07
-0.00772884913542815	0.0183335542070505	-0.00183226997855254	2.16080071652408e-05	-7.06986046058163e-05	2.80867072551722e-05	9.71546679253371e-08
-0.00746165251134429	0.0179591167153574	-0.00183982302840204	2.38863226932389e-05	-6.53369119933484e-05	2.25866098242592e-05	7.27090738169989e-08
-0.00719445611149129	0.0175846793790669	-0.00184737589776300	2.61646390649796e-05	-5.99752183065326e-05	1.70865104378916e-05	4.82634825452414e-08
-0.00689703961537531	0.0171919289568461	-0.00184128547598414	2.81112099563583e-05	-5.55882953368389e-05	1.27534877664811e-05	2.45276112445433e-08
-0.00659962313631972	0.0167991785408121	-0.00183519501417802	3.00577811191495e-05	-5.12013761752587e-05	8.42046688281123e-06	7.91754079264159e-10
-0.00630220675228721	0.0164064282701125	-0.00182910471830713	3.20043524799914e-05	-4.68144506845413e-05	4.08744199214928e-06	-2.29441230304906e-08
-0.00600479026828801	0.0160136778451467	-0.00182301424674035	3.39509237330138e-05	-4.24275304614225e-05	-2.45580065737894e-07	-4.66799815250329e-08
-0.00570737376845281	0.0156209274149785	-0.00181692382313261	3.58974946895780e-05	-3.80406071825632e-05	-4.57860301833779e-06	-7.04158534854989e-08
-0.00537514379214471	0.0152172985096276	-0.00179880437482696	3.71946105157752e-05	-3.73243058223912e-05	-5.35448351337024e-06	-8.75833926271948e-08
-0.00504291371021554	0.0148136694560272	-0.00178068478399837	3.84917259601011e-05	-3.66080081814145e-05	-6.13036167286650e-06	-1.04750916324690e-07
-0.00471068377072217	0.0144100405958534	-0.00176256535308223	3.97888416910110e-05	-3.58917107064484e-05	-6.90623773129805e-06	-1.21918461263060e-07
-0.00437845372837791	0.0140064117699652	-0.00174444567218946	4.10859570707180e-05	-3.51754107090237e-05	-7.68211733543131e-06	-1.39085990753987e-07
-0.00404622377053560	0.0136027828703001	-0.00172632618574352	4.23830732276207e-05	-3.44591122175162e-05	-8.45799626938941e-06	-1.56253525927793e-07
-0.00362538067455822	0.0131235197100653	-0.00171317860164410	4.30737504081526e-05	-3.36283124096830e-05	-7.77938479897358e-06	-1.81286851024866e-07
-0.00320453725648794	0.0126442564476327	-0.00170003078317936	4.37644254277500e-05	-3.27975248242830e-05	-7.10076633662817e-06	-2.06320114786206e-07
-0.00278369412252833	0.0121649934017582	-0.00168688295043670	4.44551021542476e-05	-3.19667300655475e-05	-6.42215110663174e-06	-2.31353427360405e-07
-0.00236285070353515	0.0116857301421263	-0.00167373514101234	4.51457771046890e-05	-3.11359420828532e-05	-5.74353237854354e-06	-2.56386697898826e-07
-0.00194200785960780	0.0112064671766211	-0.00166058739605877	4.58364549839674e-05	-3.03051434323344e-05	-5.06491948379681e-06	-2.81420033478172e-07
-0.00144655028315792	0.0106857702015064	-0.00164959748681717	4.57349246187504e-05	-3.10798594879783e-05	-2.62158988264681e-06	-2.99539057406139e-07
-0.000951093054771960	0.0101650733371592	-0.00163860778026026	4.56333967920126e-05	-3.18545672311910e-05	-1.78265175742363e-07	-3.17658128997774e-07
-0.000455635471664551	0.00964437635927718	-0.00162761788793769	4.55318663221762e-05	-3.26292821692309e-05	2.26506392503961e-06	-3.35777155692332e-07
3.98217366634781e-05	0.00912367956768054	-0.00161662819988193	4.54303377215963e-05	-3.34039877126601e-05	4.70838559021715e-06	-3.53896212352777e-07
0.000535279060539066	0.00860298258565718	-0.00160563836593086	4.53288091949034e-05	-3.41786999733506e-05	7.15171403656338e-06	-3.72015274226349e-07
0.00111196989650505	0.00801864323341166	-0.00161101247407484	4.45108158790184e-05	-3.44955396050745e-05	1.01155316578656e-05	-3.87083165231923e-07
0.00168866035828314	0.00743430423075840	-0.00161638658400914	4.36928237794115e-05	-3.48123776067756e-05	1.30793504495738e-05	-4.02151092340614e-07
0.00226535095464569	0.00684996504823547	-0.00162176051173948	4.28748313768559e-05	-3.51292172796316e-05	1.60431678956083e-05	-4.17218991910288e-07
0.00284204152953921	0.00626562590436126	-0.00162713448879656	4.20568386532447e-05	-3.54460577885657e-05	1.90069884626179e-05	-4.32286910117186e-07
0.00341873237273818	0.00568128653835248	-0.00163250858071540	4.12388454659171e-05	-3.57628964843834e-05	2.19708045783045e-05	-4.47354797545113e-07
0.00405233410275906	0.00504710660308796	-0.00164775716575415	3.99684851536270e-05	-3.55947053928508e-05	2.48543274235628e-05	-4.57360789734851e-07
0.00468593611714543	0.00441292638104226	-0.00166300573954647	3.86981239584519e-05	-3.54265161606162e-05	2.77378521840203e-05	-4.67366776834282e-07
0.00531953796792525	0.00377874635040734	-0.00167825439288264	3.74277633946296e-05	-3.52583251738764e-05	3.06213745330976e-05	-4.77372761889863e-07
0.00595314019519183	0.00314456611196278	-0.00169350282088951	3.61574012143312e-05	-3.50901405573475e-05	3.35049018221077e-05	-4.87378723921287e-07
0.00658674205415229	0.00251038606456496	-0.00170875148472983	3.48870407548193e-05	-3.49219481211614e-05	3.63884236456172e-05	-4.97384717658693e-07
0.00726367672310624	0.00185460514847372	-0.00173651743102371	3.30490045751688e-05	-3.14664144006164e-05	3.62406877148546e-05	-4.99303738223214e-07
0.00794061149354015	0.00119882443278893	-0.00176428344484153	3.12109670251941e-05	-2.80108865942996e-05	3.60929557788807e-05	-5.01222731124089e-07
0.00861754630833829	0.000543043619571325	-0.00179204946551405	2.93729301571115e-05	-2.45553571001160e-05	3.59452246321144e-05	-5.03141751160436e-07
0.00929448094698898	-0.000112737210354652	-0.00181981544685805	2.75348931470094e-05	-2.10998219235844e-05	3.57974871971219e-05	-5.05060763853566e-07
0.00997141576962833	-0.000768518022259426	-0.00184758146092515	2.56968561843107e-05	-1.76442933004208e-05	3.56497559418454e-05	-5.06979775206162e-07
0.0106682873167656	-0.00141923703006418	-0.00187380389065529	2.34108975274195e-05	-1.28501816805302e-05	3.34485433481334e-05	-4.96559326721102e-07
0.0113651590366425	-0.00206995592466791	-0.00190002636043800	2.11249376767315e-05	-8.05606689333207e-06	3.12473256262808e-05	-4.86138851363952e-07
0.0120620304959868	-0.00272067479167273	-0.00192624894579124	1.88389791978471e-05	-3.26194938029649e-06	2.90461087378655e-05	-4.75718416815043e-07
0.0127589022725479	-0.00337139377060382	-0.00195247128300308	1.65530188192646e-05	1.53215419379131e-06	2.68449003102280e-05	-4.65297922233345e-07
0.0134557740571098	-0.00402211277337366	-0.00197869375985525	1.42670594913797e-05	6.32627202286863e-06	2.46436815053269e-05	-4.54877467141724e-07
0.0141522105596221	-0.00464929448668625	-0.00199648764538815	1.15963830555804e-05	1.28941040019787e-05	1.94433858699689e-05	-4.27385652065794e-07
0.0148486467953114	-0.00527647614379758	-0.00201428156866240	8.92570794409171e-06	1.94619377446623e-05	1.42430868601588e-05	-3.99893836549776e-07
0.0155450833507284	-0.00590365791454408	-0.00203207544738291	6.25503159333641e-06	2.60297725649476e-05	9.04278757617557e-06	-3.72402014036503e-07
0.0162415198061073	-0.00653083960454608	-0.00204986910982366	3.58435460586867e-06	3.25975978117474e-05	3.84249544151155e-06	-3.44910172108982e-07
0.0169379564678007	-0.00715802144150427	-0.00206766305244762	9.13677807708129e-07	3.91654304986555e-05	-1.35780278190021e-06	-3.17418339142995e-07
0.0176113503755233	-0.00775103149836756	-0.00208656915123782	-1.88075613007602e-06	4.75679834273732e-05	-9.07265409688082e-06	-2.80439268900176e-07
0.0182847447229309	-0.00834404165611206	-0.00210547535144450	-4.67519286966798e-06	5.59705257229681e-05	-1.67874982462494e-05	-2.43460143728049e-07
0.0189581388466416	-0.00893705187025938	-0.00212438158199178	-7.46962739522579e-06	6.43730748443332e-05	-2.45023476478487e-05	-2.06481053224408e-07
0.0196315327149732	-0.00953006183272789	-0.00214328770058645	-1.02640621146839e-05	7.27756276941469e-05	-3.22171999839315e-05	-1.69501965632281e-07
0.0203049272147356	-0.0101230722266781	-0.00216219375121770	-1.30584987063164e-05	8.11781677049784e-05	-3.99320415662428e-05	-1.32522845999466e-07
0.0208837436623603	-0.0106152754204583	-0.00217902320562228	-1.56853579640721e-05	8.84615829573506e-05	-4.73995830244824e-05	-9.10113669880494e-08
0.0214625600699921	-0.0111074784104769	-0.00219585257900642	-1.83122169909004e-05	9.57449963927423e-05	-5.48671204550614e-05	-4.94999083703665e-08
0.0220413765375030	-0.0115996816575774	-0.00221268206675574	-2.09390758926001e-05	0.000103028410497221	-6.23346579443966e-05	-7.98845544164965e-09
0.0226201932358022	-0.0120918848699271	-0.00222951145106768	-2.35659366307674e-05	0.000110311817049991	-6.98021924326118e-05	3.35230507346166e-08
0.0231990097253995	-0.0125840881498463	-0.00224634088260306	-2.61927952788395e-05	0.000117595232816596	-7.72697337917016e-05	7.50345183908793e-08
0.0236910507664128	-0.0129893200055339	-0.00225124670724711	-2.86040499868278e-05	0.000122101918356539	-8.26430589751674e-05	1.16857545337733e-07
0.0241830919587015	-0.0133945519057828	-0.00225615263150291	-3.10153057918741e-05	0.000126608595012173	-8.80163808085606e-05	1.58680625753976e-07
0.0246751333142173	-0.0137997838697145	-0.00226105833270659	-3.34265615752632e-05	0.000131115278678339	-9.33897073222534e-05	2.00503689673500e-07
0.0251671743600450	-0.0142050157333588	-0.00226596413525301	-3.58378161798617e-05	0.000135621964861106	-9.87630339388384e-05	2.42326720640879e-07
0.0256592156938655	-0.0146102478217307	-0.00227086990742141	-3.82490723462931e-05	0.000140128641826090	-0.000104136357433421	2.84149816085580e-07
0.0260367449640867	-0.0149275748085053	-0.00224661168022600	-3.99999176754283e-05	0.000142296636657315	-0.000107358675014122	3.15907233657259e-07
0.0264142742891512	-0.0152449018409614	-0.00222235328520438	-4.17507639885964e-05	0.000144464625388405	-0.000110580990947243	3.47664695433365e-07
0.0267918036332676	-0.0155622289062602	-0.00219809485783853	-4.35016100419489e-05	0.000146632615311832	-0.000113803308953094	3.79422160467586e-07
0.0271693331840883	-0.0158795561040523	-0.00217383663201329	-4.52524570701648e-05	0.000148800601770087	-0.000117025622701457	4.11179630163471e-07
0.0275468624919496	-0.0161968831395300	-0.00214957836005037	-4.70033021942344e-05	0.000150968600487308	-0.000120247945883173	4.42937060872344e-07
0.0278206644923896	-0.0164330837623091	-0.00211741614384404	-4.81826804344748e-05	0.000150507104366099	-0.000120646393960035	4.63311793971516e-07
0.0280944659375519	-0.0166692840798289	-0.00208525390606860	-4.93620571933746e-05	0.000150045610082934	-0.000121044840202087	4.83686483308993e-07
0.0283682679423592	-0.0169054847030074	-0.00205309168110995	-5.05414354831499e-05	0.000149584114275437	-0.000121443289202989	5.04061222318906e-07
0.0286420695863861	-0.0171416851838017	-0.00202092969254915	-5.17208115907327e-05	0.000149122625993494	-0.000121841741026179	5.24435905336553e-07
0.0289158715568812	-0.0173778857666595	-0.00198876749629511	-5.29001899713149e-05	0.000148661126800414	-0.000122240185435638	5.44810633497721e-07
0.0291072377831298	-0.0175485719942332	-0.00192553257162279	-5.36746082200209e-05	0.000145119440917188	-0.000119759080181802	5.57430772167220e-07
0.0292986042629880	-0.0177192584536967	-0.00186229780948558	-5.44490266573224e-05	0.000141577752633193	-0.000117277971324927	5.70050901717233e-07
0.0294899705275622	-0.0178899447399021	-0.00179906285010495	-5.52234450252483e-05	0.000138036065920004	-0.000114796864150542	5.82671029934937e-07
0.0296813373125874	-0.0180606313162759	-0.00173582793655271	-5.59978644100041e-05	0.000134494371040805	-0.000112315752192841	5.95291197234851e-07
0.0298727037791289	-0.0182313177315829	-0.00167259313245120	-5.67722833799898e-05	0.000130952681935044	-0.000109834644785263	6.07911349090855e-07
0.0300246289191079	-0.0183640125585206	-0.00160130358343315	-5.73765904939367e-05	0.000125391905788746	-0.000105222775637091	6.13904982982344e-07
0.0301765541047229	-0.0184967074876365	-0.00153001401190726	-5.79808967841408e-05	0.000119831131031691	-0.000100610906266869	6.19898591386879e-07
0.0303284797761156	-0.0186294025850330	-0.00145872450408497	-5.85852055468273e-05	0.000114270350650826	-9.59990359831909e-05	6.25892264870681e-07
0.0304804049774755	-0.0187620975231450	-0.00138743495940704	-5.91895120532500e-05	0.000108709578134272	-9.13871682641095e-05	6.31885875993899e-07
0.0306323303960481	-0.0188947924305041	-0.00131614528566642	-5.97938200261755e-05	0.000103148796042343	-8.67752960033739e-05	6.37879537456164e-07
0.0307396759762883	-0.0189869089041331	-0.00124228444982069	-6.02049452148254e-05	9.63338157980387e-05	-8.07692735132717e-05	6.38675470780712e-07
0.0308470217742610	-0.0190790253471982	-0.00116842350280173	-6.06160719214856e-05	8.95188259466551e-05	-7.47632458925596e-05	6.39471452609886e-07
0.0309543675809694	-0.0191711417932620	-0.00109456252519115	-6.10271987901919e-05	8.27038350338245e-05	-6.87572184521977e-05	6.40267445789062e-07
0.0310617134221103	-0.0192632583237113	-0.00102070157644507	-6.14383249141958e-05	7.58888467215830e-05	-6.27511907189144e-05	6.41063408313052e-07
0.0311690592283492	-0.0193553747741794	-0.000946840628018185	-6.18494516820186e-05	6.90738573863295e-05	-5.67451635615699e-05	6.41859390639513e-07
0.0312077023875656	-0.0193861995946149	-0.000853314515330005	-6.21391195601829e-05	5.99992846938731e-05	-4.84802407383451e-05	6.38735712338486e-07
0.0312463453204053	-0.0194170242978955	-0.000759788265861296	-6.24287860880514e-05	5.09247107212086e-05	-4.02153122806007e-05	6.35611977721776e-07
0.0312849884802041	-0.0194478491252126	-0.000666262177658857	-6.27184538789251e-05	4.18501391728771e-05	-3.19503892873594e-05	6.32488288102651e-07
0.0313236313885469	-0.0194786737595466	-0.000572735891563169	-6.30081210019436e-05	3.27755639953681e-05	-2.36854636768551e-05	6.29364597198127e-07
0.0313622745470810	-0.0195094985819496	-0.000479209811379583	-6.32977888548603e-05	2.37009925711838e-05	-1.54205401851137e-05	6.26240900844409e-07
0.0313609510473277	-0.0194950928854655	-0.000399789354029483	-6.35935044201551e-05	1.40821663600615e-05	-6.39771978486307e-06	6.21290833496630e-07
0.0313596277025116	-0.0194806872373941	-0.000320368997977666	-6.38892210891845e-05	4.46333172543397e-06	2.62510357679671e-06	6.16340819477252e-07
0.0313583041588374	-0.0194662814514432	-0.000240948545730195	-6.41849372410634e-05	-5.15549579099399e-06	1.16479236652723e-05	6.11390771325816e-07
0.0313569809004930	-0.0194518757467585	-0.000161527989027528	-6.44806544024574e-05	-1.47743275755589e-05	2.06707460775809e-05	6.06440745678531e-07
0.0313556576303805	-0.0194374701901995	-8.21076442128388e-05	-6.47763710846657e-05	-2.43931539867114e-05	2.96935629161633e-05	6.01490722199467e-07
0.0313264917485228	-0.0193811001654975	-1.69585673459669e-05	-6.52166238702098e-05	-3.48555885352843e-05	3.96043459360917e-05	5.97387605271274e-07
0.0312973263348877	-0.0193247302946581	4.81904619598639e-05	-6.56568791250219e-05	-4.53180332159868e-05	4.95151341296026e-05	5.93284552710728e-07
0.0312681604627266	-0.0192683602777750	0.000113339564145785	-6.60971320193024e-05	-5.57804685075040e-05	5.94259170083794e-05	5.89181443870674e-07
0.0312389950580918	-0.0192119904180809	0.000178488593685525	-6.65373872323935e-05	-6.62429115017151e-05	6.93367041620809e-05	5.85078382337389e-07
0.0312098291888812	-0.0191556204103979	0.000243637682584573	-6.69776400611035e-05	-7.67053461095724e-05	7.92474872501590e-05	5.80975265742185e-07
0.0311768020855438	-0.0190839881284857	0.000291276013957774	-6.75134705934344e-05	-8.56210342118840e-05	8.73787391786382e-05	5.81447007810866e-07
0.0311437745191049	-0.0190123557021008	0.000338914427891087	-6.80492987790306e-05	-9.45367155604947e-05	9.55099880370338e-05	5.81918699532892e-07
0.0311107470724023	-0.0189407232710844	0.000386552648030687	-6.85851282342429e-05	-0.000103452404207281	0.000103641242222871	5.82390415539711e-07
0.0310777200386494	-0.0188690911096203	0.000434191013102625	-6.91209583123324e-05	-0.000112368091218480	0.000111772494347256	5.82862142440703e-07
0.0310446926420699	-0.0187974587532239	0.000481829315336307	-6.96567876505581e-05	-0.000121283780164657	0.000119903746912208	5.83333873117610e-07
0.0310159196284682	-0.0186972539452473	0.000492906049769187	-7.06068971923836e-05	-0.000129617292102299	0.000127271679447060	5.92441031333112e-07
0.0309871471117640	-0.0185970493206696	0.000503982713860347	-7.15570091507296e-05	-0.000137950807525697	0.000134639611801567	6.01548242466835e-07
0.0309583740456224	-0.0184968444135798	0.000515059447294226	-7.25071192737438e-05	-0.000146284321894760	0.000142007544927063	6.10655420948906e-07
0.0309296012166400	-0.0183966396850601	0.000526136062149930	-7.34572299778226e-05	-0.000154617837379103	0.000149375476830642	6.19762623170228e-07
0.0309008281590908	-0.0182964347887106	0.000537212796006899	-7.44073400579708e-05	-0.000162951350112716	0.000156743408959728	6.28869792689440e-07
0.0308789666910856	-0.0181782999581740	0.000526259444840245	-7.56607434041173e-05	-0.000171709452547594	0.000163874359613958	6.48987125484950e-07
0.0308571051785962	-0.0180601650689193	0.000515306066820616	-7.69141469575732e-05	-0.000180467560105832	0.000171005315966943	6.69104454669564e-07
0.0308352435896853	-0.0179420302208274	0.000504352976232277	-7.81675500673859e-05	-0.000189225663253964	0.000178136268965227	6.89221770157767e-07
0.0308133821216801	-0.0178238953902908	0.000493399625065622	-7.94209534135325e-05	-0.000197983765688841	0.000185267219619457	7.09339102953277e-07
0.0307915203342775	-0.0177057604439009	0.000482446164038665	-8.06743556871849e-05	-0.000206741867100485	0.000192398171649937	7.29456405031820e-07
0.0307452202168332	-0.0175460187168684	0.000464065277798830	-8.22169576908549e-05	-0.000216226250279680	0.000199406394659766	7.62727584745924e-07
0.0306989200248004	-0.0173862768835256	0.000445684228040361	-8.37595592386876e-05	-0.000225710624690880	0.000206414611704852	7.95998739464983e-07
0.0306526198487371	-0.0172265351081386	0.000427303210503512	-8.53021601573744e-05	-0.000235195002644708	0.000213422832068022	8.29269889239224e-07
0.0306063193510073	-0.0170667931686127	0.000408922079357030	-8.68447606834309e-05	-0.000244679375699103	0.000220431048369367	8.62541030666667e-07
0.0305600190989069	-0.0169070512717922	0.000390541039310872	-8.83873621483863e-05	-0.000254163757759688	0.000227439272365634	8.95812186022481e-07
0.0305230644573801	-0.0167437134536315	0.000366508548248940	-9.01516511361372e-05	-0.000263301376608533	0.000233273548855055	9.41645587642552e-07
0.0304861097349540	-0.0165803757085774	0.000342476329863776	-9.19159391815591e-05	-0.000272438995764332	0.000239107828955747	9.87478948604740e-07
0.0304491548212445	-0.0164170376758029	0.000318443958420980	-9.36802275051969e-05	-0.000281576617386902	0.000244942110937141	1.03331231637587e-06
0.0304121999913515	-0.0162536997881007	0.000294411615593629	-9.54445150304356e-05	-0.000290714233618095	0.000250776388170811	1.07914567544802e-06
0.0303752449260461	-0.0160903618626320	0.000270379309754739	-9.72088025107881e-05	-0.000299851851383428	0.000256610666507270	1.12497903444744e-06
0.0303137009726200	-0.0158693490062952	0.000240233003710346	-9.94140341290607e-05	-0.000312056075817064	0.000264080383925693	1.18883287876489e-06
0.0302521565360451	-0.0156483359293419	0.000210086907769158	-0.000101619264884963	-0.000324260303183576	0.000271550103499611	1.25268671818477e-06
0.0301906123880076	-0.0154273231213715	0.000179940620252480	-0.000103824495932433	-0.000336464528205873	0.000279019823633344	1.31654053772992e-06
0.0301290678615793	-0.0152063099128694	0.000149794367845677	-0.000106029726361211	-0.000348668749319313	0.000286489538754890	1.38039436256904e-06
0.0300675239652523	-0.0149852971267563	0.000119648217290269	-0.000108234958661504	-0.000360872981576816	0.000293959261152853	1.44424823267968e-06
0.0300140379784598	-0.0147766686131101	9.69120764193178e-05	-0.000110392559674401	-0.000372969341775732	0.000300846060594621	1.51284749461210e-06
0.0299605516485045	-0.0145680397812842	7.41759606430775e-05	-0.000112550159465166	-0.000385065697324690	0.000307732857081755	1.58144672992176e-06
0.0299070655180308	-0.0143594110789255	5.14396797835703e-05	-0.000114707760043637	-0.000397162057427706	0.000314619657442893	1.65004597718214e-06
0.0298535795294721	-0.0141507825567558	2.87035524042315e-05	-0.000116865361133365	-0.000409258418198376	0.000321506456512063	1.71864524767381e-06
0.0298000933960177	-0.0139421538538986	5.96727657126272e-06	-0.000119022961665775	-0.000421354779170002	0.000328393257627995	1.78724449476487e-06
0.0297515202647854	-0.0137543839252882	2.85196833432493e-06	-0.000121060662314107	-0.000433284706172188	0.000334918223625381	1.85626441378556e-06
0.0297029477825458	-0.0135666144389497	-2.63200476375291e-07	-0.000123098364753718	-0.000445214641323496	0.000341443192151254	1.92528439228160e-06
0.0296543746506570	-0.0133788445094333	-3.37848503396513e-06	-0.000125136065356236	-0.000457144569050839	0.000347968157865235	1.99430431756034e-06
0.0296058021562516	-0.0131910749902449	-6.49370937604191e-06	-0.000127173768210114	-0.000469074503810117	0.000354493127948029	2.06332428538357e-06
0.0295572293129707	-0.0130033051417893	-9.60891851774759e-06	-0.000129211469947813	-0.000481004434854035	0.000361018096122258	2.13234422779451e-06
0.0295334107854697	-0.0128749989079370	-1.12562900295279e-05	-0.000130788786916064	-0.000490954399775475	0.000366843764225333	2.18526097622339e-06
0.0295095919661165	-0.0127466924380347	-1.29037025267261e-05	-0.000132366102470970	-0.000500904356286771	0.000372669430024842	2.23817766329350e-06
0.0294857732066833	-0.0126183860303832	-1.45509331178106e-05	-0.000133943418814462	-0.000510854319469240	0.000378495097831616	2.29109439340511e-06
0.0294619550013692	-0.0124900799435207	-1.61982502672050e-05	-0.000135520736575869	-0.000520804287245399	0.000384320770390680	2.34401113515915e-06
0.0294381362301209	-0.0123617735135550	-1.78455192934758e-05	-0.000137098053136454	-0.000530754250696816	0.000390146440012219	2.39692785468342e-06
0.0294243949589221	-0.0122817838041912	1.95907701085330e-05	-0.000138175328945126	-0.000537313440194918	0.000392593425350202	2.44457440041803e-06
0.0294106535412614	-0.0122017940310594	5.70272821116222e-05	-0.000139252604886476	-0.000543872633129972	0.000395040416707337	2.49222092523771e-06
0.0293969123566800	-0.0121218044324480	9.44636774283465e-05	-0.000140329881397439	-0.000550431827690729	0.000397487407276530	2.53986747389545e-06
0.0293831711825396	-0.0120418148532486	0.000131900056389418	-0.000141407157816657	-0.000556991020631543	0.000399934397329675	2.58751401346892e-06
0.0293694299981703	-0.0119618252548000	0.000169336451444582	-0.000142484434329345	-0.000563550215157211	0.000402381387875893	2.63516056206282e-06
0.0293615046335165	-0.0119022600697146	0.000226452691628435	-0.000143348263975865	-0.000570339581257339	0.000404686030156797	2.68310348142719e-06
0.0293535795731930	-0.0118426949810986	0.000283569036519298	-0.000144212094720820	-0.000577128949403112	0.000406990672349449	2.73104642734066e-06
0.0293456546302911	-0.0117831300511304	0.000340685497453167	-0.000145075925938338	-0.000583918319231321	0.000409295316505377	2.77898937467326e-06
0.0293377292758664	-0.0117235648782126	0.000397801757212400	-0.000145939755514459	-0.000590707684051689	0.000411599956836101	2.82693229759168e-06
0.0293298042160887	-0.0116639997921762	0.000454918090920429	-0.000146803586255432	-0.000597497051917294	0.000413904599424499	2.87487523789255e-06
0.0293630150193156	-0.0116422586145734	0.000527004469690433	-0.000147582469207542	-0.000601118668000619	0.000412683195646603	2.92249103975365e-06
0.0293962256507879	-0.0116205171894291	0.000599090716664436	-0.000148361352105560	-0.000604740284876995	0.000411461791735735	2.97010684851584e-06
0.0294294365027747	-0.0115987760733956	0.000671177110997033	-0.000149140234904854	-0.000608361894787974	0.000410240381768174	3.01772265035948e-06
0.0294626472991918	-0.0115770348963854	0.000743263486918076	-0.000149919117732677	-0.000611983511739515	0.000409018979277191	3.06533844672140e-06
0.0294958580372481	-0.0115552936294774	0.000815349725631984	-0.000150698000094135	-0.000615605119170686	0.000407797568502010	3.11295423336812e-06
0.0295073863494841	-0.0115280006980707	0.000903193182536276	-0.000151228727471038	-0.000619863129097362	0.000407405184013487	3.15524272371911e-06
0.0295189147585894	-0.0115007079325735	0.000991036653753708	-0.000151759453955590	-0.000624121131104963	0.000407012793859207	3.19753118811455e-06
0.0295304428321504	-0.0114734150189042	0.00107888002346990	-0.000152290179595001	-0.000628379134841869	0.000406620406609438	3.23981963480104e-06
0.0295419712300564	-0.0114461222359026	0.00116672348710610	-0.000152820906188850	-0.000632637138546168	0.000406228018079321	3.28210810181469e-06
0.0295534997649259	-0.0114188296182282	0.00125456706511399	-0.000153351633495720	-0.000636895141187594	0.000405835628379297	3.32439657786246e-06
0.0295438302851965	-0.0113669970520793	0.00138243804901748	-0.000153840322748043	-0.000639019080897285	0.000401772073552828	3.37835797644114e-06
0.0295341609329425	-0.0113151646523559	0.00151030912389134	-0.000154329012563593	-0.000641143019528608	0.000397708519394019	3.43231936480622e-06
0.0295244915932495	-0.0112633322608560	0.00163818020882289	-0.000154817702463710	-0.000643266957476454	0.000393644963593925	3.48628076466092e-06
0.0295148222299086	-0.0112114998460580	0.00176605132116711	-0.000155306392259548	-0.000645390899312342	0.000389581410317462	3.54024217236744e-06
0.0295051531200436	-0.0111596674249088	0.00189392249800078	-0.000155795083922074	-0.000647514844630217	0.000385517858175310	3.59420361750710e-06
0.0294678348232371	-0.0110867911401991	0.00205666992427797	-0.000156152532090965	-0.000649350569997994	0.000380395516996735	3.65151440240334e-06
0.0294305165603659	-0.0110139148758881	0.00221941749549800	-0.000156509981335292	-0.000651186304802763	0.000375273181612298	3.70882522538167e-06
0.0293931980799715	-0.0109410384482523	0.00238216518157867	-0.000156867430097546	-0.000653022035128239	0.000370150844404345	3.76613602297514e-06
0.0293558799873847	-0.0108681621055519	0.00254491271486098	-0.000157224880008012	-0.000654857772235636	0.000365028510067111	3.82344686254513e-06
0.0293185615077302	-0.0107952856788619	0.00270766040129257	-0.000157582328767722	-0.000656693502482604	0.000359906172770089	3.88075766024745e-06
0.0292592231142950	-0.0107406850416538	0.00291539520454469	-0.000157466646349147	-0.000655166914890746	0.000351032094914361	3.93853306291031e-06
0.0291998846107369	-0.0106860843838714	0.00312313025934051	-0.000157350963953821	-0.000653640326179074	0.000342158017660487	3.99630845087738e-06
0.0291405462182977	-0.0106314837524947	0.00333086504588098	-0.000157235281493951	-0.000652113738049643	0.000333283940310217	4.05408384452308e-06
0.0290812077733557	-0.0105768830051122	0.00353859982092589	-0.000157119599923263	-0.000650587152285312	0.000324409863222473	4.11185926578068e-06
0.0290218691397853	-0.0105222821845381	0.00374633476139529	-0.000157003916891902	-0.000649060563808510	0.000315535786076875	4.16963464833853e-06
0.0289828387786698	-0.0104563576549239	0.00397581119112017	-0.000157197840387605	-0.000649433278951585	0.000306649735210886	4.24404159812769e-06
0.0289438086854387	-0.0103904333468480	0.00420528751914532	-0.000157391764297086	-0.000649805991974085	0.000297763679493144	4.31844857494207e-06
0.0289047786391861	-0.0103245089186185	0.00443476401334881	-0.000157585689098600	-0.000650178707107542	0.000288877628102700	4.39285554310066e-06
0.0288657483957777	-0.0102585844083277	0.00466424017697287	-0.000157779612757567	-0.000650551421737880	0.000279991575548052	4.46726250545113e-06
0.0288267180147053	-0.0101926598192486	0.00489371662996346	-0.000157973536737054	-0.000650924136071448	0.000271105521078233	4.54166948426626e-06
0.0288535220844818	-0.0101922477540872	0.00515333719571506	-0.000158144435307142	-0.000648933873266538	0.000259166657609627	4.62039268865589e-06
0.0288803258729281	-0.0101918356224134	0.00541295765424026	-0.000158315332699337	-0.000646943605093496	0.000247227791542247	4.69911586028328e-06
0.0289071296471513	-0.0101914234679142	0.00567257812196328	-0.000158486230193217	-0.000644953339247531	0.000235288926787372	4.77783904186476e-06
0.0289339333773767	-0.0101910112228111	0.00593219859132842	-0.000158657128271957	-0.000642963074646225	0.000223350061473373	4.85656224294839e-06
0.0289607375465368	-0.0101905991726943	0.00619181889317279	-0.000158828026747562	-0.000640972814043823	0.000211411199269165	4.93528545434315e-06
0.0289972070691802	-0.0101944798260956	0.00646903574629675	-0.000159039067537971	-0.000640216488697299	0.000199849854305955	5.02087724781660e-06
0.0290336769413897	-0.0101983606845077	0.00674625273650689	-0.000159250108520483	-0.000639460165408155	0.000188288509870441	5.10646905464272e-06
0.0290701466441281	-0.0102022412888718	0.00702346960370191	-0.000159461149574138	-0.000638703842545462	0.000176727164274099	5.19206087494093e-06
0.0291066164285303	-0.0102061219995960	0.00730068657055160	-0.000159672191330702	-0.000637947525540251	0.000165165824825428	5.27765269811743e-06
0.0291430861453543	-0.0102100028057661	0.00757790317406235	-0.000159883231561714	-0.000637191194961966	0.000153604474831291	5.36324448809634e-06
0.0291373176997127	-0.0102172646614501	0.00779297646236844	-0.000159697314950958	-0.000636443816885126	0.000145558288694265	5.41914095539937e-06
0.0291315493037529	-0.0102245266081379	0.00800804976458683	-0.000159511397810802	-0.000635696437045670	0.000137512101763367	5.47503741009585e-06
0.0291257805655518	-0.0102317883767105	0.00822312296726462	-0.000159325480108511	-0.000634949055495850	0.000129465913490556	5.53093385653924e-06
0.0291200119071769	-0.0102390501088464	0.00843819639001196	-0.000159139562487753	-0.000634201677034075	0.000121419730017114	5.58683028745309e-06
0.0291142435162317	-0.0102463120582051	0.00865326968880539	-0.000158953645400758	-0.000633454296557038	0.000113373542587153	5.64272674170222e-06
0.0288635312575580	-0.0101535455882461	0.00886925327674298	-0.000157428653039254	-0.000633559329548709	0.000110679507657294	5.65523499429054e-06
0.0286128184721157	-0.0100607788968875	0.00908523693815961	-0.000155903658308926	-0.000633664362075540	0.000107985475688583	5.66774319291110e-06
0.0283621059711958	-0.00996801225004478	0.00930122068706487	-0.000154378665143575	-0.000633769395394637	0.000105291441660720	5.68025143170260e-06
0.0281113933904547	-0.00987524550988246	0.00951720427663211	-0.000152853671287439	-0.000633874424982383	0.000102597407128388	5.69275963827715e-06
0.0278606809291941	-0.00978247894963104	0.00973318803278300	-0.000151328677500842	-0.000633979457516755	9.99033738670409e-05	5.70526785773082e-06
0.0276705407123861	-0.00973848618678535	0.00998028981790052	-0.000149974365824183	-0.000634867010129474	9.71967664645142e-05	5.72348417883917e-06
0.0274804004429025	-0.00969449318658647	0.0102273917092306	-0.000148620054112316	-0.000635754562372027	9.44901585806467e-05	5.74170050261102e-06
0.0272902598524171	-0.00965050006099148	0.0104744934838209	-0.000147265741458355	-0.000636642113612856	9.17835525382364e-05	5.75991679103432e-06
0.0271001195598992	-0.00960650700064312	0.0107215954324057	-0.000145911430184646	-0.000637529670588427	8.90769449351135e-05	5.77813315578252e-06
0.0269099791342832	-0.00956251413092591	0.0109686972644626	-0.000144557117429836	-0.000638417216373143	8.63703384313552e-05	5.79634940436282e-06
0.0267599223226532	-0.00950880255567454	0.0112171029153395	-0.000143774060229858	-0.000643048942310625	8.58554924159466e-05	5.83028494751213e-06
0.0266098652812454	-0.00945509080906668	0.0114655087061876	-0.000142991002406246	-0.000647680666236767	8.53406458745211e-05	5.86422047225363e-06
0.0264598087455661	-0.00940137929575391	0.0117139144388473	-0.000142207946427826	-0.000652312398105371	8.48258041271736e-05	5.89815604074654e-06
0.0263097517326530	-0.00934766763945498	0.0119623200976637	-0.000141424887956443	-0.000656944115346783	8.43109597660984e-05	5.93209148848143e-06
0.0261596948617637	-0.00929395595926865	0.0122107257523332	-0.000140641831300933	-0.000661575844586766	8.37961149923637e-05	5.96602705282579e-06