   3.8460231e-01  -9.3319316e-02  -3.4515340e-03  -1.5994173e-03  -1.1348736e-03   7.5954312e-04   1.1588750e-05
  -2.7757199e-01   1.6624227e-01   8.5750714e-02   9.2959698e-04   8.8070571e-04  -4.3792930e-04  -9.0367770e-06
  -1.0821245e-01   1.2297941e-01  -4.8637775e-02   7.0395117e-04   6.8667395e-04  -5.8108665e-04  -4.4912780e-06
  -5.8836390e-02   9.4865951e-02   4.7097173e-03  -7.0228197e-04  -1.0871812e-03   2.8890025e-04   1.0597757e-05
  -1.4358418e-02   5.4596725e-03   1.1942000e-02   2.4255102e-04  -1.2631215e-03   8.2262785e-04   2.7224085e-06
  -3.7700757e-02   4.3615051e-02  -1.1199900e-02  -1.8105057e-04  -1.6026982e-03   2.1948512e-03  -3.4765099e-06
   5.2469357e-03  -2.4136230e-04  -4.9063267e-03  -1.0979560e-04   3.4903889e-04  -3.0122639e-05  -3.2129145e-06
  -3.4028754e-03   7.9434650e-03   7.2133943e-03  -5.6317175e-05  -2.9023677e-04  -1.3464516e-04   3.8323965e-06
   7.7535526e-03  -1.3125588e-02   5.2447554e-03   1.4846032e-04   4.9911428e-04  -6.0636312e-04  -9.6632227e-07
  -8.8671017e-03   1.0330621e-02   1.5692625e-03  -2.5276764e-05  -4.5989521e-04   3.8854769e-04   8.1758917e-07
   6.2771733e-03  -3.2157341e-03  -1.2284744e-03  -6.8886517e-05   2.7834248e-04  -2.6711584e-04   2.0525660e-07
  -2.1810655e-03   1.8142096e-03   3.5682190e-04   9.1098017e-06  -1.0134380e-04   9.7656010e-05  -2.4885378e-08
