0.03761190456535336

-4.212349778269218e-13
0.0010642212676158114
0.001140223556446588
-0.0011872264445454803
-2.2756065480963093e-05
-1.183796427250188e-05
-7.258161265594409e-07
-2.8942747348122388e-05
3.93061669020349e-05
-1.2643390827787846e-05
1.5493495335087926e-07
1.2111785587335252e-08
8.682442735486135e-08
1.6105361736500867e-07
-2.0471332653361872e-07
8.521076251607964e-08
1.9154080063800282e-07
-7.890891081273489e-08
-2.6429029422019866e-07
2.1343437945300156e-07
-3.318588979682941e-10
7.325065081357476e-11
-2.6055324451860226e-10
-3.173440335029853e-10
4.922510346499957e-10
-2.8196248855976704e-10
-2.4901541848547945e-10
-6.710713231269212e-11
6.150301335766143e-10
-3.0416390880632033e-10
-4.337372843808658e-10
1.3563311844048043e-10
1.947806878435849e-10
4.664773476233444e-10
-5.422953315419198e-10
