0.03928440027729771

-4.1187713938964016e-13
0.0010774702532445792
0.001137710533267519
-0.0012205622268122145
-2.3389316258021655e-05
-1.171452087811628e-05
-6.443519699653593e-07
-2.9491591229278767e-05
4.068980198887021e-05
-1.3007664035570678e-05
1.5963769908590326e-07
1.0908052123941875e-08
8.813184238584613e-08
1.627088498135762e-07
-2.106262436325913e-07
8.723515701983112e-08
1.9610132013154484e-07
-8.28684328852209e-08
-2.729514841067197e-07
2.2016754571857816e-07
-3.423210839769328e-10
7.631798902841024e-11
-2.655444225604032e-10
-3.1936947332716793e-10
5.051546835098603e-10
-2.866276767214029e-10
-2.5301973478478216e-10
-6.367653131437675e-11
6.297513012824081e-10
-3.122777498920617e-10
-4.44911398420338e-10
1.3918307347725621e-10
2.0642758409628491e-10
4.811934661400788e-10
-5.597404985663408e-10
