0.06139307484106937

-8.520387304194515e-15
0.0007181413179659213
0.0005617601902559251
-0.0012593901645034744
-2.3538303706949215e-05
-2.6593571543666286e-06
-1.3371434375208116e-07
-2.6896930336452554e-05
4.923210818818641e-05
-1.684709005281643e-05
1.7485849793936128e-07
-3.2942762638360726e-08
8.848605390986382e-08
1.316544735750251e-07
-2.549465931233031e-07
1.0653995744989916e-07
1.949566630361323e-07
-1.1119398306371423e-07
-3.189152817221251e-07
2.6612798570185744e-07
-3.8934198559845217e-10
1.464042050939657e-10
-2.804868419132488e-10
-2.447336897762042e-10
5.984476251215503e-10
-3.050013937166771e-10
-2.287142933982443e-10
1.546274888656556e-11
6.916053477870454e-10
-3.7621908709666e-10
-4.5235600226863707e-10
1.472329069471988e-10
2.8495461746419076e-10
5.59655762389899e-10
-6.703152220700349e-10
