0.07651182324229408

3.5691387983256004e-13
0.00030730928575822564
-7.557843571501612e-06
-0.0011617627611071363
-2.0976940466420365e-05
5.654057348778572e-06
2.543879597550015e-08
-2.1789175733302402e-05
5.177214469759739e-05
-1.8987274980522124e-05
1.6989445698258504e-07
-7.028152778799429e-08
8.326604870694723e-08
9.468117916029656e-08
-2.7388256089071627e-07
1.172296638987581e-07
1.731959823012225e-07
-1.2257329683553446e-07
-3.271207085384831e-07
2.817937348043922e-07
-3.910935480305841e-10
2.0089820038738933e-10
-2.736623801828377e-10
-1.660899865606673e-10
6.365001636520456e-10
-3.049121200503218e-10
-1.8803640970324804e-10
7.81330140568104e-11
6.905524892286258e-10
-4.0511723887283314e-10
-4.102733263454992e-10
1.4276467261061725e-10
3.108273590883337e-10
5.748419283258686e-10
-7.027464940882991e-10
