0.07968872021382667

4.3946110230231093e-13
0.00021180722418929752
-0.0001377066434082063
-0.0011354631752234939
-2.0280516637664662e-05
7.547103798250002e-06
-4.4562678946953166e-08
-2.0492646642846572e-05
5.207967899291258e-05
-1.9296843887165923e-05
1.6805371774100293e-07
-7.882580240013229e-08
8.209281248334222e-08
8.578828703357957e-08
-2.7671523765224685e-07
1.1982158934397536e-07
1.6727092370035514e-07
-1.2416031226965645e-07
-3.280154521360429e-07
2.8351084753549553e-07
-3.8999966509014796e-10
2.134393432447525e-10
-2.714158458613326e-10
-1.4822971026606393e-10
6.429692637358575e-10
-3.051613344693727e-10
-1.7685558093571729e-10
9.014147718304842e-11
6.870163912060662e-10
-4.1109864712989487e-10
-3.9899794220161114e-10
1.4120167850156563e-10
3.140987669666648e-10
5.782220892736467e-10
-7.059820822203707e-10
