0.11620424172993096

1.6380439287667677e-12
-0.0010666763503017322
-0.0021712951731054342
-0.0007179341615037452
-7.476326555727883e-06
3.2875816883046984e-05
-5.795610106526445e-06
9.342875294272797e-06
4.821111936363987e-05
-1.4078737233115499e-05
1.1701964220902995e-07
-2.006639834505806e-07
7.068590822453164e-08
-4.015276974540734e-08
-2.596050672960565e-07
1.5693257307973654e-07
-1.863310417158063e-08
-1.0689409441488473e-07
-3.3414831279213635e-07
2.4147965806361476e-07
-3.170797569171593e-10
4.004001923607944e-10
-2.2041365620999346e-10
1.1534540960610123e-10
6.124843494558602e-10
-3.203561490746412e-10
-4.456958106921999e-11
2.6614320125803465e-10
4.982836824935865e-10
-4.641156595031944e-10
3.914450943510709e-11
2.9877151888778705e-11
3.11786151859609e-10
7.117700067870731e-10
-6.303972789605207e-10
