0.09671259953861014

1.4700849370943664e-12
-0.0005302050579680777
-0.0024741125286341353
-0.0005459099010726405
-7.180812901178938e-06
2.066695015029657e-05
-1.2663051562026561e-06
2.6326736127875617e-05
4.0863105972367666e-05
-1.2368933214844652e-05
8.122297890162988e-08
-1.2474808212825832e-07
5.158686487722805e-08
1.2058429903583883e-08
-2.1490279693622565e-07
7.88420977808598e-08
-1.8157065865027578e-07
-1.1723720877740904e-07
-2.465644917524212e-07
2.1196969691760188e-07
-2.0033440001899465e-10
2.417917027479983e-10
-1.617934737336571e-10
1.0774949597837005e-10
3.3881470138675934e-10
-2.0287814981938023e-10
-2.996090801269411e-10
5.089503250344545e-10
3.556230943346455e-10
-2.716092280155797e-10
5.572049755166208e-10
-3.1732469286841887e-11
3.345581075432098e-10
4.986200181173285e-10
-5.534290278297339e-10
