0.09511152454061822

1.4442300884528846e-12
-0.00048245500943232375
-0.0024674272742842675
-0.0005379027520128217
-7.323292362287781e-06
1.9604221034171883e-05
-8.355998623434125e-07
2.694821189603638e-05
4.051323107244874e-05
-1.2489390668593563e-05
7.962079972909225e-08
-1.18479265668593e-07
5.045804234143069e-08
1.7000517225950396e-08
-2.1306707694803125e-07
7.3257911801574e-08
-1.889072436550747e-07
-1.1850146500942609e-07
-2.40595253139692e-07
2.1162907412784731e-07
-1.9393978036474052e-10
2.2944185980782296e-10
-1.5902065949187577e-10
1.0431770525478523e-10
3.2293505666996316e-10
-1.9485227516009528e-10
-3.18019217233572e-10
5.232488042199354e-10
3.5052772783275247e-10
-2.587743504628786e-10
5.832330525277238e-10
-3.3772337320873546e-11
3.3639832894877923e-10
4.812589269384059e-10
-5.512203794436252e-10
