0.09141358321604753

1.378718982321457e-12
-0.0003800207948146338
-0.0024350974041006043
-0.0005144515480060436
-7.564045658699535e-06
1.7182564665442638e-05
1.890946887608106e-07
2.8063128284436024e-05
3.964384627646972e-05
-1.2988158201344398e-05
7.550905150583944e-08
-1.045539501868494e-07
4.8173731755750975e-08
2.886700937937961e-08
-2.100709577911925e-07
6.081432010419507e-08
-2.0374269436436377e-07
-1.2049908170796724e-07
-2.2616553163227098e-07
2.1194332795082853e-07
-1.7872808296680423e-10
2.026836004096886e-10
-1.540968653436103e-10
9.540361213348758e-11
2.903091308026189e-10
-1.774860075406093e-10
-3.6026389045945304e-10
5.541221756103887e-10
3.4240185483078714e-10
-2.3065175945430935e-10
6.386663314480764e-10
-3.9117408669580675e-11
3.3772888669892375e-10
4.387963925829974e-10
-5.476982352564099e-10
