0.07474695714861587

1.0692898966322888e-12
2.6345004146445366e-05
-0.002233400431817516
-0.000375219524223997
-7.932218736760372e-06
6.676019235221799e-06
4.881011702908547e-06
3.212602199071758e-05
3.5056828592546495e-05
-1.6037074814031678e-05
5.318817506168142e-08
-4.5489678936397017e-08
3.872291880297967e-08
8.272188741831808e-08
-2.0063385127573684e-07
6.5572769470135655e-09
-2.6474431830215414e-07
-1.2373712507279067e-07
-1.5650860216773891e-07
2.161921722926054e-07
-1.044493808488333e-10
9.168938869343934e-11
-1.3659007913831583e-10
5.461841328600787e-11
1.5827421156463234e-10
-1.0314102551707427e-10
-5.478461591187584e-10
6.854573190525483e-10
3.1655532790141215e-10
-1.0923334701753899e-10
8.770566896611331e-10
-7.00308192536407e-11
3.2790415089859717e-10
2.356872306048484e-10
-5.341566343799125e-10
