0.06772106745688578

9.226561259914608e-13
0.00015793463865955085
-0.002088428354979397
-0.000297653796528649
-7.646374074364315e-06
2.630422273549195e-06
6.741828043560574e-06
3.272944093119266e-05
3.274619228241862e-05
-1.7847344128602547e-05
4.194277482595739e-08
-2.444816220221016e-08
3.6203711238764554e-08
1.0547802211662008e-07
-1.9986950819525826e-07
-1.3391338444761818e-08
-2.8307097631836056e-07
-1.2015731158647616e-07
-1.2616445512667523e-07
2.2044918805062076e-07
-7.153845937744253e-11
5.5089402624535364e-11
-1.3459435244728086e-10
3.627047694493977e-11
1.177517694757654e-10
-7.75636611614565e-11
-6.214070328987608e-10
7.294414856378765e-10
3.1603375302376845e-10
-6.569943928960995e-11
9.60191500636582e-10
-8.828508459835507e-11
3.119492461727147e-10
1.4793572212440696e-10
-5.318937642498673e-10
