0.056979199812496134

5.8946137837346e-13
8.853288644634905e-05
-0.0014981781261887846
-1.3845218517301517e-05
-3.1023740883449336e-06
-2.8561301001100745e-06
1.0058974074082781e-05
2.8870311706399834e-05
2.505032030696189e-05
-2.497535702502816e-05
6.697979927620038e-10
-7.873327704116725e-09
4.0036637141788104e-08
1.566825703174802e-07
-2.2636381716171384e-07
-3.441713922885626e-08
-2.9004967097969964e-07
-7.60779808562571e-08
-5.322188811858163e-08
2.433333934728882e-07
1.8385432993825695e-11
4.9747045323040024e-11
-1.6571115428151745e-10
-1.8325654858256365e-11
1.4578422872287613e-10
-7.073337899101119e-11
-7.525420859994648e-10
7.605269436923223e-10
3.904425344158128e-10
-2.8964494431520876e-11
1.0687771447343575e-09
-1.6784926404250838e-10
1.8379585068232655e-10
-4.872228762831278e-11
-5.439241055184673e-10
