0.05999093982357159

4.984000356182333e-13
-0.0002540101162188445
-0.001083398551989081
0.0001338048515225327
1.640961553225028e-06
-1.912958504003045e-06
1.0569476663567078e-05
2.3244176252249567e-05
2.0921972952819394e-05
-2.986449013002806e-05
-2.559759681822502e-08
-2.7346184535172408e-08
5.0164434801516233e-08
1.7910568145521525e-07
-2.656485233701853e-07
-1.90059409584482e-08
-2.6462642928312423e-07
-3.0303266537499655e-08
-2.9062361039083733e-08
2.6343793340828645e-07
5.908171671398057e-11
1.1305988269903226e-10
-2.096968276090171e-10
-6.277523496855378e-11
2.730695118945496e-10
-1.2074583272564377e-10
-7.750029297770496e-10
7.117738603239147e-10
4.949315448715698e-10
-7.593952846772639e-11
1.0427318583959584e-09
-2.2480089864516774e-10
5.7494044010164914e-11
-1.025654607345489e-10
-5.663482398793175e-10
