0.08540302316440163

6.167073490497077e-13
-0.0014959003026997941
-0.00042604237626333815
0.00043253996394893783
1.5404351788463215e-05
7.527121722992463e-06
1.0014179892727834e-05
1.1058172123002528e-05
1.3183813828275514e-05
-4.104762678441961e-05
-8.693808449341625e-08
-1.116941039662147e-07
7.826679539582096e-08
2.0745315607143186e-07
-3.8433449308238115e-07
5.116080169209059e-08
-1.952265186345265e-07
8.506477665674593e-08
1.3351836952331797e-09
3.108650010515604e-07
1.3478023338170293e-10
3.347141618581451e-10
-3.262966441831373e-10
-1.632883436718016e-10
6.882196788496481e-10
-2.9877229449876265e-10
-7.449360892875024e-10
5.493536018463437e-10
7.852606311904599e-10
-2.661638251031069e-10
9.18024716385864e-10
-3.439529648703307e-10
-2.7607629685673497e-10
-1.3935129408664647e-10
-6.230332194684825e-10
