0.09270358259698566

7.028198168250329e-13
-0.001969938440016342
-0.00037379814466286936
0.0006463507484413556
2.11564810760974e-05
1.290392435059473e-05
8.635458427811128e-06
9.758784953571833e-06
9.045620868483513e-06
-4.447184802857172e-05
-1.1306477603725325e-07
-1.506216433526114e-07
8.818070257477835e-08
1.9927012058757495e-07
-4.096332358310299e-07
7.566521806989617e-08
-1.8826368851587176e-07
1.238992707723551e-07
1.9961833859823807e-08
3.194558635295165e-07
1.7109195655389828e-10
4.242617969387977e-10
-3.5915422126228736e-10
-1.5655936665533145e-10
7.910686190183252e-10
-3.5108157998803964e-10
-7.121760593156001e-10
5.080069687815326e-10
8.380532975359422e-10
-3.231822204393497e-10
9.107777778027639e-10
-3.897028076550013e-10
-3.8535314604185695e-10
-1.6065190804275746e-10
-6.240971875544881e-10
