0.09320629182353574

7.250144750959183e-13
-0.00213138139574894
-0.00040588454684573565
0.0007862776632006492
2.3513543725245495e-05
1.5523158823148755e-05
7.440612735682464e-06
1.0360893100609266e-05
6.719829113412655e-06
-4.559381646360984e-05
-1.2434253642250536e-07
-1.6835540588715064e-07
9.284864531795343e-08
1.8858675050106272e-07
-4.091094327401005e-07
8.39021357206723e-08
-1.9248894618530462e-07
1.3744128062596894e-07
3.124394261950289e-08
3.195012011256347e-07
1.8880488593978283e-10
4.619292272929785e-10
-3.691179172190225e-10
-1.3327638700437105e-10
8.024951664705492e-10
-3.643437732579086e-10
-6.920417180912757e-10
4.993704942976814e-10
8.320238240929164e-10
-3.3736927509226985e-10
9.234895527373019e-10
-4.0935080737212767e-10
-4.20186411388728e-10
-1.7524788651279451e-10
-6.170201646966031e-10
