0.09306162354898287

7.413170940295141e-13
-0.0022749059264945766
-0.0004471600600523755
0.0009317061477890342
2.5717020498572323e-05
1.8130216216565276e-05
6.111514248911451e-06
1.1138126664783333e-05
4.400444546947577e-06
-4.660432078100717e-05
-1.3488579210161097e-07
-1.8583877068949227e-07
9.766226468867403e-08
1.765308530884043e-07
-4.0594914847388644e-07
9.158428743796554e-08
-1.9759091376630535e-07
1.4960557971441957e-07
4.2412008275224436e-08
3.1892196560328633e-07
2.0561469545812783e-10
4.984808239149073e-10
-3.782006450413595e-10
-1.060777387635547e-10
8.062683990525422e-10
-3.754781087227529e-10
-6.705871185809893e-10
4.923483404307555e-10
8.199008185730365e-10
-3.4927762578830884e-10
9.37413716234567e-10
-4.277857427878835e-10
-4.5049217453679285e-10
-1.895960770971173e-10
-6.090637774995894e-10
