0.09162427126780665

7.458736372890748e-13
-0.002382618762788768
-0.0005068446567678558
0.0010881020088630686
2.7613449328169918e-05
2.0713387534700334e-05
4.513957971621469e-06
1.2265715282379485e-05
2.094093808630138e-06
-4.7391552670475744e-05
-1.4396035822275897e-07
-2.0282412384235445e-07
1.0276836309784083e-07
1.6172947581844157e-07
-3.9751653970882737e-07
9.81556714599904e-08
-2.0444647343856118e-07
1.590136858954696e-07
5.335119522510804e-08
3.170924105247005e-07
2.2061885433443551e-10
5.3280487966143e-10
-3.8552524712464657e-10
-7.104393105990143e-11
7.94735575947357e-10
-3.823549623754227e-10
-6.464939396355914e-10
4.885548052145082e-10
7.955922922294744e-10
-3.5662681952843176e-10
9.537629088250091e-10
-4.437929492028623e-10
-4.717420749960193e-10
-2.034477804140362e-10
-5.993473113527454e-10
