0.0854560549557779

7.229619846950223e-13
-0.002545146340929416
-0.0006675626127547985
0.0014666911471293378
3.114941177998565e-05
2.6551049483864767e-05
2.4020586227257274e-07
1.5205198740829836e-05
-2.985057699167914e-06
-4.8820349549187e-05
-1.604853572336097e-07
-2.407502961471669e-07
1.1558885789164693e-07
1.2202572556950289e-07
-3.673510455641991e-07
1.1144638375736234e-07
-2.207007605800605e-07
1.7410475282359852e-07
7.674276701255541e-08
3.1130842208019723e-07
2.486687440613433e-10
6.072551434227908e-10
-3.998827187259072e-10
2.5147764060997795e-11
7.378016469921701e-10
-3.9007505322286067e-10
-5.838203209630305e-10
4.83609671364188e-10
7.163597152659248e-10
-3.654483718589555e-10
9.872529331136244e-10
-4.732102288054671e-10
-4.998501621476945e-10
-2.3263770531473578e-10
-5.75765771354903e-10
