0.08200213935936057

6.990996603424481e-13
-0.002573032868685129
-0.0007295283970752193
0.0016141775559735552
3.212251597169707e-05
2.8731995937527086e-05
-1.6381169713657974e-06
1.6259615366468273e-05
-4.766583581986086e-06
-4.9195667412869395e-05
-1.6463289939066887e-07
-2.5483872996015596e-07
1.2099226956691894e-07
1.0470414862553556e-07
-3.518715121264884e-07
1.1620311726226195e-07
-2.2546059454414584e-07
1.7735134449606917e-07
8.417153719864082e-08
3.086043039720954e-07
2.55710970853627e-10
6.342182012453812e-10
-4.047331298632071e-10
6.707421185301291e-11
7.060468313089224e-10
-3.9051983250901367e-10
-5.556290524649155e-10
4.808132274600192e-10
6.783306746279898e-10
-3.6674613534536724e-10
9.935925679831248e-10
-4.809173182698168e-10
-5.023779833975925e-10
-2.4094162649941556e-10
-5.667740769157456e-10
