0.07960430983668246

6.836462243746535e-13
-0.0025893904685373214
-0.0007740484481134904
0.0017123799488775024
3.272530695827212e-05
3.0227830598876045e-05
-2.906716125705152e-06
1.696410571572193e-05
-5.9176013225885035e-06
-4.940314475629783e-05
-1.6708183537049753e-07
-2.642757507015465e-07
1.2444305190662272e-07
9.24625712537452e-08
-3.40932196454817e-07
1.1927594730194446e-07
-2.2831753913399774e-07
1.790150175360615e-07
8.886174439898595e-08
3.066025215321294e-07
2.5980392857142e-10
6.518952778343299e-10
-4.073861803959594e-10
9.634364593899463e-11
6.834429870444119e-10
-3.89997733989734e-10
-5.353914551785871e-10
4.788813300971559e-10
6.514483819454474e-10
-3.6720250033631965e-10
9.962392885619556e-10
-4.853831171047293e-10
-5.024553213943622e-10
-2.4600291633025153e-10
-5.605261933192312e-10
