0.06742467952694423

6.290288695455241e-13
-0.0026804302947595763
-0.001043025834936565
0.0022043241080063392
3.572368858919725e-05
3.81906212674383e-05
-9.237651185744075e-06
2.0997410065639345e-05
-1.166709023577575e-05
-4.996374258707591e-05
-1.790387091654261e-07
-3.1223300870261604e-07
1.393626510500749e-07
2.567131869092978e-08
-2.8190211251541567e-07
1.3324961528599846e-07
-2.4425770899578415e-07
1.8509293122526713e-07
1.11949442863795e-07
2.934539387304072e-07
2.7976785037982375e-10
7.380766658354085e-10
-4.1384694654259306e-10
2.53551440242031e-10
5.599402063544099e-10
-3.7978982558334714e-10
-4.2468722476193453e-10
4.723358385839936e-10
5.035810912799125e-10
-3.648579876027907e-10
1.0092059874602304e-09
-5.066851660764543e-10
-4.940127282040308e-10
-2.6938197075328566e-10
-5.236027616320782e-10
