0.06358929580380174

6.195459417693326e-13
-0.002708818127019473
-0.0011438726121321744
0.0023564690730847014
3.6690156101527845e-05
4.067466979159985e-05
-1.1185012760859322e-05
2.262313964053211e-05
-1.3543575261327632e-05
-4.9926516742996364e-05
-1.8317487733421382e-07
-3.2671029485217793e-07
1.433021313736522e-07
4.254165437291888e-09
-2.62224321775994e-07
1.3680040081720238e-07
-2.5186928240782247e-07
1.8673167744324877e-07
1.1958065009769757e-07
2.878643076976723e-07
2.87165417058481e-10
7.631590412194035e-10
-4.1368170516139923e-10
3.04067386519841e-10
5.172795396344896e-10
-3.745505152615996e-10
-3.905374007630705e-10
4.729539679383256e-10
4.532205369032629e-10
-3.6176468033722325e-10
1.0198496282965764e-09
-5.14062271975846e-10
-4.900165471797013e-10
-2.765658696571361e-10
-5.092506515684441e-10
