0.05172793266864062

5.841194849766931e-13
-0.0027587811359464365
-0.0014786884054383044
0.002826831299590655
3.9112415934280576e-05
4.850245776110657e-05
-1.762323995279633e-05
2.7604179917768725e-05
-1.8654747304098e-05
-4.994760147475314e-05
-1.91728741289823e-07
-3.723588272597571e-07
1.576802317240103e-07
-6.413333698715289e-08
-1.9989467225765724e-07
1.4965671136055782e-07
-2.7285421829215735e-07
1.868924374727351e-07
1.391293103501161e-07
2.728240660318066e-07
3.017596531333893e-10
8.422649251664459e-10
-4.163457037460807e-10
4.6377354650544366e-10
3.8090924977273606e-10
-3.614230237497261e-10
-2.800060547570523e-10
4.739765646408803e-10
2.9559810935078657e-10
-3.556399808539861e-10
1.0411959183620628e-09
-5.270462575045278e-10
-4.675182408883046e-10
-2.914664365542551e-10
-4.708586874799465e-10
