0.04923152968960978

5.693000659078194e-13
-0.0027500182869623488
-0.0015601677070114816
0.002935342204453058
3.926616573228957e-05
5.054838921376063e-05
-1.9473125848441722e-05
2.8336644778225536e-05
-1.924220481894038e-05
-5.0203185063896994e-05
-1.901568470474837e-07
-3.845991059366343e-07
1.6319239522202735e-07
-8.172307554407795e-08
-1.856515530141686e-07
1.5530102400634428e-07
-2.726008289992764e-07
1.8371176145525554e-07
1.398674008405088e-07
2.720218538731639e-07
2.9749074390484883e-10
8.64321354352697e-10
-4.210961179802228e-10
5.021576717522832e-10
3.516180660235259e-10
-3.631641970944636e-10
-2.47735745590294e-10
4.691608476296443e-10
2.617848602079936e-10
-3.601041099866004e-10
1.0282780180360947e-09
-5.215629519426086e-10
-4.56681711248011e-10
-2.8810958376054576e-10
-4.683008937992762e-10
