0.04463792980885989

5.076903928703493e-13
-0.002642203980907607
-0.0017042094846066258
0.0031203649728884326
3.8087654303270394e-05
5.422215594989229e-05
-2.3513647553718553e-05
2.8434673032748533e-05
-1.8525441327458115e-05
-5.138382971009575e-05
-1.7661387285217603e-07
-4.0710335263834147e-07
1.7834115313369213e-07
-1.1564122379480683e-07
-1.5989778947693894e-07
1.700680181357673e-07
-2.5826806284805823e-07
1.6690920658306093e-07
1.3204794001048893e-07
2.7823512640721663e-07
2.6848436269097406e-10
9.059118890601028e-10
-4.3931416171850575e-10
5.714634947145031e-10
2.987674907314965e-10
-3.751440428664371e-10
-1.780740100286408e-10
4.5064232966271245e-10
2.0769159542515758e-10
-3.785347560130882e-10
9.578541649275222e-10
-4.852215113633097e-10
-4.174282268331714e-10
-2.697298348855419e-10
-4.814561137837476e-10
