0.05022070986454025

3.2756328991462644e-13
-0.001799301580204759
-0.0021228574467953678
0.003131094980896955
2.3764334351828252e-05
5.82019245480329e-05
-3.180992027509564e-05
2.0488579510563822e-05
9.989608516226089e-07
-6.0382713167869546e-05
-6.378959592291026e-08
-4.267837800935025e-07
2.338430930932086e-07
-1.646909318565892e-07
-1.5691421342457868e-07
2.2364180587708387e-07
-1.3269563887957298e-07
3.222299302584622e-08
4.3583170539371246e-08
3.609795512799386e-07
4.2644649445793465e-11
9.412648532511602e-10
-5.354990457409002e-10
6.171776943906822e-10
2.7803326361879525e-10
-4.696055498443814e-10
-2.3497623795617886e-11
3.8275702680870337e-10
2.488320395519577e-10
-4.927590525556718e-10
4.886233837067088e-10
-1.702549297018843e-10
-1.9428152975140513e-10
-1.5985557314153588e-10
-6.651524634613699e-10
