0.06149230128897043

3.299231849619401e-13
-0.0013213218679399557
-0.00244464083335471
0.0029691757571163727
1.4868937491180053e-05
5.798680570069214e-05
-3.372915727505381e-05
1.7106951075113754e-05
1.4646275096176269e-05
-6.580260391663007e-05
3.251643917084993e-09
-4.189155390186843e-07
2.5803081434711657e-07
-1.6916609574127442e-07
-1.8111430366308826e-07
2.4686028518969176e-07
-7.138654000383995e-08
-5.406637320601734e-08
-9.174885647839438e-09
4.1334818337066475e-07
-8.847127951177086e-11
9.220250480564536e-10
-5.829283188938636e-10
5.855993487839832e-10
3.0663357960077914e-10
-5.257672624229412e-10
1.4217693973482272e-11
3.728419422592413e-10
3.2400331334455987e-10
-5.535723100591239e-10
2.5495122455302697e-10
3.066156953157151e-11
-6.884332840399765e-11
-1.0554280631711141e-10
-7.80470621793746e-10
