0.06622188725945646

3.469365829116e-13
-0.0011702915396570365
-0.0025719382477797153
0.002904346609418968
1.1946391254687527e-05
5.7841213241938746e-05
-3.419539158711069e-05
1.630066605149991e-05
1.9352200130772123e-05
-6.761258592973345e-05
2.538863864497669e-08
-4.1544206538424834e-07
2.6563145693988916e-07
-1.691321870872882e-07
-1.9143328363840988e-07
2.544307119255874e-07
-5.333804412949963e-08
-8.330812259008376e-08
-2.682009115556887e-08
4.3092238133895755e-07
-1.3166857607393335e-10
9.13719025520938e-10
-5.982743052561167e-10
5.709323963969539e-10
3.198769585264033e-10
-5.456855239089057e-10
2.2852522449467552e-11
3.727637351901733e-10
3.527582040500761e-10
-5.742254650799116e-10
1.8365650859688726e-10
9.889570635199751e-11
-2.8348521136637474e-11
-8.734719549952269e-11
-8.190769192467701e-10
