0.0712896540104562

3.7247680351587123e-13
-0.0010272604957933843
-0.002710121523758374
0.0028378102488643272
9.128533682790732e-06
5.7682239879066596e-05
-3.455911654745828e-05
1.5739315744394338e-05
2.4002518220323012e-05
-6.939109046830544e-05
4.6779778782950936e-08
-4.116312716056012e-07
2.727315414141264e-07
-1.685865909982298e-07
-2.0239617119628095e-07
2.615558663231263e-07
-3.732433298109433e-08
-1.1225204472945488e-07
-4.37305097645329e-08
4.4806547858592903e-07
-1.7327450093922902e-10
9.044783051668209e-10
-6.127268292009293e-10
5.552758832734212e-10
3.336460131883451e-10
-5.652171854442321e-10
2.932308582335836e-11
3.750918445201534e-10
3.818072483336942e-10
-5.940470519663603e-10
1.1838761193280332e-10
1.6619718452126796e-10
1.0809986046915357e-11
-7.042884934998875e-11
-8.565655384481684e-10
