0.07463105168993561

3.9074915262689024e-13
-0.0009407086004426828
-0.0027979957286895715
0.002794998963542402
7.390172012864122e-06
5.759134943140051e-05
-3.477362021972991e-05
1.540758488008955e-05
2.6923345416470762e-05
-7.051451202877097e-05
6.006931481159233e-08
-4.0930947686723596e-07
2.771915463662061e-07
-1.6801546963441097e-07
-2.0971861637888648e-07
2.6615939284465656e-07
-2.747862097329798e-08
-1.3022106611045247e-07
-5.436279738436376e-08
4.588637357315131e-07
-1.9919852845852493e-10
8.989054005565239e-10
-6.219485909066055e-10
5.447689958401637e-10
3.434642583567702e-10
-5.779879569175744e-10
3.300468072353629e-11
3.7656550262297363e-10
4.009275361994295e-10
-6.069148829312646e-10
7.809781039387032e-11
2.082686608373911e-10
3.46185562342885e-11
-5.959606424665687e-11
-8.801411416782775e-10
