0.08123790855419513

4.297458100966127e-13
-0.0007852034039937145
-0.002965233567167758
0.0027125431397279046
4.193766094932742e-06
5.743986185008847e-05
-3.514680251063422e-05
1.4829117888358431e-05
3.240573828756158e-05
-7.263769035216419e-05
8.470697834172968e-08
-4.051038057754987e-07
2.8556372412164085e-07
-1.6645879867317952e-07
-2.2439135915641704e-07
2.7507524544386745e-07
-9.447781190175653e-09
-1.6350356456397554e-07
-7.434188928572203e-08
4.792025107762847e-07
-2.474226679593853e-10
8.889337218271829e-10
-6.395619905508534e-10
5.236195138292328e-10
3.6437914705917246e-10
-6.030294718375715e-10
3.9103195808099354e-11
3.79356249381189e-10
4.3867639081794005e-10
-6.319619820377083e-10
3.964999550004889e-12
2.8681647264661166e-10
7.763945525483018e-11
-3.8828883357506315e-11
-9.244623265261074e-10
