0.08584915291141487

4.549239155350593e-13
-0.0006879590722995592
-0.0030641628471980167
0.002653414480965311
2.1044882784231188e-06
5.736688434315869e-05
-3.544003287776065e-05
1.42326796977452e-05
3.606367502836113e-05
-7.403959840216682e-05
1.0110440264661765e-07
-4.029231660759681e-07
2.9153454707050495e-07
-1.6486870365584676e-07
-2.3513963365128553e-07
2.8196127398060277e-07
3.86465750661479e-09
-1.8455400500231864e-07
-8.861090949964678e-08
4.929609889536014e-07
-2.8002893506141545e-10
8.84277164819345e-10
-6.525829789392895e-10
5.07571144670707e-10
3.828253881298758e-10
-6.220163117789849e-10
4.383800587879658e-11
3.7805881239170445e-10
4.669780718255537e-10
-6.511493345034841e-10
-4.8579656106579376e-11
3.3803707024022093e-10
1.0398630632460416e-10
-2.1953343811454943e-11
-9.547158393291775e-10
