0.09004565831972985

4.766563333323431e-13
-0.00059753726486416
-0.0031523097536618485
0.0025986480160442482
1.6583949458750597e-07
5.731895525242994e-05
-3.5758186576584036e-05
1.363236488082719e-05
3.9438016379910304e-05
-7.530521865192019e-05
1.1635448569628329e-07
-4.0117279149920014e-07
2.972237651678291e-07
-1.6353030198787334e-07
-2.4487238410586775e-07
2.885827708098022e-07
1.64969162496754e-08
-2.0377844047459528e-07
-1.0218685261198001e-07
5.05615548581619e-07
-3.1046107749885593e-10
8.80660640595279e-10
-6.649165998692819e-10
4.92984126191379e-10
4.0003697185182763e-10
-6.399610698817664e-10
4.884121356322588e-11
3.7595179104839196e-10
4.930045733780049e-10
-6.693865580998792e-10
-9.807585223547181e-11
3.8496446589569745e-10
1.2833560750851975e-10
-5.092250685239242e-12
-9.827599596329424e-10
