0.10110977668506432

4.649832767077822e-13
-0.0002650074582183473
-0.0032602070875533606
0.0024021801273344696
-6.762245863298851e-06
5.743349371058226e-05
-3.829404085499208e-05
8.661017173451347e-06
5.056053809627765e-05
-7.876619202088893e-05
1.715311135616838e-07
-4.031408404726717e-07
3.2251635960403373e-07
-1.6093566797439247e-07
-2.724824964051364e-07
3.1985963461637487e-07
7.857256817063276e-08
-2.587817415633093e-07
-1.614334867737028e-07
5.477937669860951e-07
-4.2462061100279427e-10
8.915312005947798e-10
-7.190548934218348e-10
4.4619661226956276e-10
4.715298866373945e-10
-7.148616447414802e-10
8.77767586994718e-11
3.2808667670414755e-10
5.847977384884354e-10
-7.498679522726967e-10
-3.1664763864361826e-10
5.283084495105226e-10
2.0663953359392468e-10
9.285721291814162e-11
-1.0830278978859469e-09
