0.10177697181437195

1.7210335613032666e-13
5.940656074209321e-05
-0.0026021963593244254
0.002127034258123478
-1.2854302603510415e-05
5.484945989379929e-05
-4.15297926402634e-05
-5.279591508611067e-06
5.805097608794694e-05
-7.999589173386451e-05
2.170432045518349e-07
-4.0877640621387907e-07
3.5282452527202464e-07
-1.3498071043005635e-07
-3.000637041952063e-07
3.5827241523079373e-07
1.8202207436702858e-07
-2.634342490050455e-07
-2.352433052422524e-07
5.842862061988755e-07
-5.272515542189783e-10
9.359451383223395e-10
-7.948358920226991e-10
3.6314872132553565e-10
6.028622890515449e-10
-8.075534943399669e-10
1.201085579231751e-10
1.8723074593774464e-10
7.194358267515404e-10
-8.52914000739356e-10
-6.02916322949627e-10
5.773944137231154e-10
2.2682294797793358e-10
2.4904734829803636e-10
-1.183555539325463e-09
