0.10539775206832341

8.236781472616333e-14
0.00013334973610861192
-0.002318459762160811
0.0019860476814222805
-1.4698141109748471e-05
5.293916712658764e-05
-4.155103837204928e-05
-1.0950289045372113e-05
6.114498065094974e-05
-8.144823807207232e-05
2.3094181710079361e-07
-4.0593469704549724e-07
3.6309175429563976e-07
-1.119649960982489e-07
-3.2657891652782264e-07
3.7182794478586316e-07
2.2059427864053727e-07
-2.6189927195190927e-07
-2.5906538613796705e-07
6.035591959355166e-07
-5.597083832624052e-10
9.463133305544825e-10
-8.277420765872967e-10
3.0204782566888656e-10
6.863616430234308e-10
-8.507689079997433e-10
1.0717031197368874e-10
1.3896934643632256e-10
8.065628094604468e-10
-8.962535410400506e-10
-6.999084137519231e-10
5.956542895726116e-10
2.1351480283709193e-10
2.9286321145978016e-10
-1.2292605821365993e-09
