0.11425631098236644

8.67410901741991e-14
0.00010902943861710184
-0.0021498518523270418
0.0018311737215935863
-1.586031076993164e-05
5.193111979602913e-05
-4.0956503519491746e-05
-1.554819517178085e-05
6.481786231966046e-05
-8.34958655641814e-05
2.4289244338677816e-07
-4.053632371895515e-07
3.713664454760496e-07
-8.904275261369072e-08
-3.642071813767925e-07
3.8749646809944336e-07
2.543794378352536e-07
-2.623432498789424e-07
-2.8126420742198004e-07
6.250416396819524e-07
-5.901449693590324e-10
9.584830637658065e-10
-8.59298077184443e-10
2.3299651330364474e-10
7.943595242336814e-10
-9.007025648675789e-10
9.401051057606107e-11
9.910453580913518e-11
9.103341804291899e-10
-9.47358939223108e-10
-7.883435135536106e-10
6.230104613164275e-10
1.905364431148197e-10
3.3155645072222426e-10
-1.2764934894712408e-09
