0.13678551943030215

2.483616419757877e-13
-0.00010579180027031692
-0.0020564663141470862
0.0015622454924959421
-1.65643250055269e-05
5.25076380750143e-05
-3.964060784755313e-05
-2.1549402645579333e-05
7.158672332607478e-05
-8.727842631783805e-05
2.5990111526589207e-07
-4.1329519009510523e-07
3.8286041042484847e-07
-5.7197821633250864e-08
-4.3964043964230237e-07
4.200019282376621e-07
3.0463964042926806e-07
-2.639122571191296e-07
-3.1932749151831353e-07
6.613360553511269e-07
-6.39695849360476e-10
9.916013487846715e-10
-9.0955528040442e-10
1.1678811516150993e-10
1.0099646989992493e-09
-9.961108416052625e-10
8.720263986009503e-11
3.704731662276075e-11
1.0989804531921675e-09
-1.0493754351872325e-09
-9.304729619037872e-10
6.779279934080111e-10
1.3883011933242452e-10
4.027957945714506e-10
-1.3535942454055396e-09
