0.14763745966987335

3.46368541313054e-13
-0.00022657262538194932
-0.0020511167072695016
0.0014409674264787556
-1.673016644384544e-05
5.331573984549559e-05
-3.919518608420755e-05
-2.389245615542449e-05
7.463999677730726e-05
-8.869149268862833e-05
2.6749773761278744e-07
-4.191209720996106e-07
3.874174423979105e-07
-4.650979062097195e-08
-4.724200724723191e-07
4.3583069073893573e-07
3.263112145011134e-07
-2.648589346389702e-07
-3.3768052730639373e-07
6.756979243309044e-07
-6.627154812084085e-10
1.009335976613918e-09
-9.299280067512613e-10
6.926737905900795e-11
1.1070550602775857e-09
-1.0391826492520394e-09
9.249066561785581e-11
7.57951363324836e-12
1.1790061381112412e-09
-1.0971037636654652e-09
-9.959868860435132e-10
7.035357953415696e-10
1.1669759654773874e-10
4.405089851840473e-10
-1.3847220259906158e-09
