0.1535430824770149

3.996935687164781e-13
-0.0002912487898300577
-0.002050449112666207
0.0013761836646958825
-1.6869260255249816e-05
5.3851915386222866e-05
-3.9016465752789804e-05
-2.523940803818329e-05
7.637524799012353e-05
-8.948185022439334e-05
2.72155913299615e-07
-4.227696506918913e-07
3.900963713323136e-07
-4.1527644208417193e-08
-4.899592197861701e-07
4.4485856067121616e-07
3.39150978671628e-07
-2.659182029511724e-07
-3.4818846297043726e-07
6.837277303432256e-07
-6.76443824906833e-10
1.019753209901762e-09
-9.412545141824992e-10
4.460702639406827e-11
1.159783950846756e-09
-1.0628925870535243e-09
9.770145268997541e-11
-9.57671766373836e-12
1.2220570194590205e-09
-1.123858080456329e-09
-1.0355265306223085e-09
7.188687290648217e-10
1.0584103285268606e-10
4.6200273867288467e-10
-1.4021830077336537e-09
