0.15711463373611373

4.415783839256329e-13
-0.0003364622829305945
-0.002070037374016191
0.0013398271857154255
-1.685670722758578e-05
5.435008189566231e-05
-3.8998056585865634e-05
-2.5660827049081697e-05
7.728994680866424e-05
-8.971793588865625e-05
2.744211011447872e-07
-4.256587796931098e-07
3.9132918405200105e-07
-4.0032423035668104e-08
-4.989094239184687e-07
4.5021279652673245e-07
3.442595410640162e-07
-2.6630387611202437e-07
-3.545243932056192e-07
6.869223005463505e-07
-6.836383980168524e-10
1.02662128599045e-09
-9.464107585301814e-10
3.298576141317418e-11
1.1878521752439282e-09
-1.0760779224137067e-09
1.0257154633782047e-10
-1.8357433954086924e-11
1.242879222690295e-09
-1.1389424936054106e-09
-1.053250455375403e-09
7.264403823104402e-10
1.0017172302774165e-10
4.770976004422116e-10
-1.409733195093552e-09
