0.15830508340616903

4.555395504946112e-13
-0.00035153936116242917
-0.0020765667442135824
0.0013277152820551793
-1.6852463142952175e-05
5.451614265398283e-05
-3.899188767563154e-05
-2.580127286255048e-05
7.759476773529995e-05
-8.979667861931945e-05
2.751758419570326e-07
-4.2662169380982077e-07
3.9173996249447947e-07
-3.9534086148769865e-08
-5.018930786173472e-07
4.519975826663956e-07
3.4596221368603707e-07
-2.6643224111975004e-07
-3.5663587879895464e-07
6.87987203585376e-07
-6.860358814771073e-10
1.0289102949363878e-09
-9.481295067908591e-10
2.911174729348169e-11
1.197208812599269e-09
-1.080472701225619e-09
1.0419527869343074e-10
-2.1284325319022623e-11
1.2498203701116422e-09
-1.1439710282438922e-09
-1.0591581291289894e-09
7.289643981081388e-10
9.82809910853165e-11
4.821286114074698e-10
-1.4122497923685056e-09
