0.16515329813978438

5.44058680516079e-13
-0.00045212580305356467
-0.002128899446048493
0.0012668490904729122
-1.6677703907852684e-05
5.588653081239624e-05
-3.9203530513601186e-05
-2.6428103681766503e-05
7.918870491440614e-05
-9.006638244926845e-05
2.791240854129905e-07
-4.345163624674615e-07
3.943327977356426e-07
-3.9510327950926994e-08
-5.172404074956642e-07
4.634222069762401e-07
3.551369283523545e-07
-2.6636232700203265e-07
-3.6939447575588795e-07
6.927769521435351e-07
-6.996834790739061e-10
1.0462247721361587e-09
-9.576073322069403e-10
1.2036821948771747e-11
1.2493724265999329e-09
-1.1063130176525657e-09
1.196267673093514e-10
-4.0140572425834224e-11
1.2848179720380506e-09
-1.1744100560789455e-09
-1.0934389461265741e-09
7.417930773308056e-10
8.734745130422261e-11
5.152073669177121e-10
-1.4243664345494989e-09
