0.16867389405221808

5.852599257265623e-13
-0.0004909024610768182
-0.002161105472609521
0.001238324989711884
-1.6671921454038506e-05
5.658730262940519e-05
-3.962676546375258e-05
-2.6572194402507715e-05
8.005814391391336e-05
-9.016157542036359e-05
2.818922027117179e-07
-4.3938623106948884e-07
3.9738138313861913e-07
-3.918277814020895e-08
-5.245191052290555e-07
4.707515873097286e-07
3.584477210277887e-07
-2.6635043642310237e-07
-3.7739790782657764e-07
6.95404942810019e-07
-7.081573477433477e-10
1.0578554556264498e-09
-9.653438928667523e-10
2.7037704735009437e-12
1.2751489237623686e-09
-1.1236862363198007e-09
1.2676683729793202e-10
-5.072993340993576e-11
1.3024221270707521e-09
-1.1926251192852033e-09
-1.1077382975390134e-09
7.490225699157755e-10
8.156061706320248e-11
5.373775159620947e-10
-1.4316672471722968e-09
