0.17488962400062644

6.676374251503838e-13
-0.0005819045910568628
-0.0022208957842199083
0.0011901666998015295
-1.6354736037444314e-05
5.814139311998983e-05
-4.05963666784978e-05
-2.6549177470499762e-05
8.121353480476015e-05
-8.989173478461574e-05
2.8509857672726053e-07
-4.503484585348881e-07
4.0271020829083967e-07
-4.005961422208603e-08
-5.357795933466722e-07
4.847384996182546e-07
3.6154419350383464e-07
-2.629468893805049e-07
-3.9251364586981903e-07
6.974684733926279e-07
-7.205858652688124e-10
1.0833037489238162e-09
-9.782950463183402e-10
-1.0444991984687007e-11
1.3207720676458368e-09
-1.1554114064969196e-09
1.4220058258011303e-10
-7.151462420206713e-11
1.329153419397247e-09
-1.2262602146007535e-09
-1.1250900309199326e-09
7.539511186860048e-10
6.805789121863536e-11
5.841464940875511e-10
-1.4404409532996497e-09
