0.1772179299134868

7.029986480096604e-13
-0.0006207644817965856
-0.0022490636151678
0.0011717943505793304
-1.610861595405894e-05
5.8705052331271655e-05
-4.099093313326135e-05
-2.6235388725273283e-05
8.145318618008572e-05
-8.958799831023023e-05
2.853109221124266e-07
-4.545125566519748e-07
4.0452990225314495e-07
-4.005476615575671e-08
-5.393936389722368e-07
4.897787362623907e-07
3.5979055557195404e-07
-2.6039734616865864e-07
-3.978902555258104e-07
6.968987979129672e-07
-7.231796048816282e-10
1.0930741509182219e-09
-9.824500956379204e-10
-1.539780867073332e-11
1.336411264332279e-09
-1.1672763426329084e-09
1.460661359158744e-10
-7.788664692798116e-11
1.337085465397264e-09
-1.2380292229983574e-09
-1.1228369160809512e-09
7.524305190994407e-10
6.130375930496808e-11
6.032250998394274e-10
-1.4413110553490854e-09
