0.18541399179843943

8.824693431815361e-13
-0.0008208082135572341
-0.002416728913425364
0.0011060785855677502
-1.4170809850119501e-05
6.134764779151804e-05
-4.2822719221839065e-05
-2.2793282989809365e-05
8.078783070875005e-05
-8.648992117151571e-05
2.7888303951766083e-07
-4.730074624856433e-07
4.081744076633858e-07
-4.4114436093043175e-08
-5.439006834745788e-07
5.070267863612932e-07
3.3363399564316344e-07
-2.418202623021325e-07
-4.1696173746746647e-07
6.818208718455173e-07
-7.186175119972241e-10
1.1333160521534518e-09
-9.873910626188695e-10
-2.1892510926843265e-11
1.3774174123909232e-09
-1.205358931004404e-09
1.607757881201626e-10
-9.442245525787933e-11
1.3390892410521304e-09
-1.2740952544733867e-09
-1.0596231792824601e-09
7.204916343011252e-10
2.9897626410270114e-11
6.905888987942042e-10
-1.4213686882163757e-09
