0.2019376633874646

1.5011438786989982e-12
-0.0014972339671179302
-0.003089270551136012
0.0009609638446765718
-7.3371785019717396e-06
7.132685110570868e-05
-4.713439580859292e-05
-9.425650612860659e-06
7.574948864734552e-05
-7.310474293171015e-05
2.490461071746089e-07
-5.263757808684642e-07
3.9478750282248264e-07
-9.262962175652628e-08
-5.160155169353841e-07
5.359400085594589e-07
2.3902451105533913e-07
-1.8839308611453284e-07
-4.5830318039608416e-07
6.042914362448724e-07
-6.801310766840208e-10
1.2228318661832582e-09
-9.381668942328754e-10
4.30117085636346e-11
1.3977035223162106e-09
-1.2358521940706468e-09
2.5898037261046617e-10
-1.1760365529775675e-10
1.2255744210063837e-09
-1.3183493178615073e-09
-8.422543907079319e-10
5.964508405220501e-10
-1.713427023710481e-11
9.256852970056591e-10
-1.2959675337497187e-09
