0.023241359039052986

-3.304504746273468e-13
0.0006227155713076546
0.0008546503605815156
-0.0006793817349660152
-1.2568766099515227e-05
-7.987822036930886e-06
-2.125777088802955e-06
-1.8931291010404287e-05
2.1820684383709847e-05
-8.338947460080756e-06
8.855263948651987e-08
2.7131915393349903e-09
6.566129347731372e-08
1.1156359425092388e-07
-1.3165772107320656e-07
6.617491891720325e-08
1.2127152877436976e-07
-2.9503802950707034e-08
-1.5521951559357218e-07
1.2806903249142405e-07
-1.9330742533265092e-10
7.033709843802656e-11
-1.868583869572408e-10
-2.3524545662567146e-10
3.394238036103852e-10
-2.180467167433221e-10
-1.54854598964031e-10
-8.813513810501031e-11
4.067829543247328e-10
-2.144944488532024e-10
-2.7317014793967796e-10
8.036689232797854e-11
5.382461079071242e-11
2.890998161227897e-10
-3.2006816760942076e-10
