0.02476027231583905

-3.61234952205863e-13
0.0007039880424121082
0.0009269049484428398
-0.0007585664240003063
-1.4128223191667484e-05
-8.972245393764367e-06
-1.95197951291232e-06
-2.0655348211508386e-05
2.420819299079367e-05
-8.883812774151568e-06
9.824950318550767e-08
5.776698122357621e-09
6.929799425370042e-08
1.2115742115151296e-07
-1.4199077242625412e-07
6.886911521927449e-08
1.325189852380545e-07
-3.557585077477686e-08
-1.706501698584418e-07
1.3977137723954783e-07
-2.1310816887048665e-10
6.882703273303419e-11
-1.98734909324498e-10
-2.52754396186899e-10
3.619007444032737e-10
-2.2891813469039642e-10
-1.7109185427031376e-10
-8.918063655756112e-11
4.38866500599971e-10
-2.2723027809524795e-10
-2.98263290920062e-10
8.848727581175053e-11
7.098395848628295e-11
3.1458839950242393e-10
-3.5077435651249074e-10
