0.02553260809514475

-3.7164968665527977e-13
0.0007381525426943976
0.0009515542391448543
-0.0007922293433510311
-1.482303814361537e-05
-9.336349780373475e-06
-1.8505890871464946e-06
-2.1353142865392978e-05
2.5323650862958345e-05
-9.169856222856401e-06
1.0261139172339224e-07
6.919365781439686e-09
7.076369034804626e-08
1.2496237866406774e-07
-1.46663918141961e-07
6.991046417856427e-08
1.372110161320731e-07
-3.875368053671774e-08
-1.7750121294572655e-07
1.4530842961809597e-07
-2.220163963809613e-10
6.821895018828767e-11
-2.0371786052777473e-10
-2.591850558733607e-10
3.7137396309150993e-10
-2.3308140115381177e-10
-1.7823847453846812e-10
-8.808341059913181e-11
4.526993927855274e-10
-2.3261424882101825e-10
-3.0868076503522865e-10
9.22816577168547e-11
7.982195471408741e-11
3.253785638060015e-10
-3.6510785284343975e-10
