0.027849349311523983

-4.0290183061319955e-13
0.0008406479487474901
0.001025502117262531
-0.000893200836295722
-1.6907520327729077e-05
-1.0428675640704804e-05
-1.5466003946606737e-06
-2.3446471676542068e-05
2.867000900856323e-05
-1.0028195650274093e-05
1.1569773242064493e-07
1.0346687204933285e-08
7.516102936302091e-08
1.3637755397243088e-07
-1.606824718776621e-07
7.303543036506252e-08
1.5128671618089712e-07
-4.8287818535571584e-08
-1.980535947846325e-07
1.6192037616948258e-07
-2.4874320585655195e-10
6.639646827364351e-11
-2.1866574368030307e-10
-2.7847712233486136e-10
3.9979361002631817e-10
-2.4557372404003463e-10
-1.9967835094040015e-10
-8.479306298119652e-11
4.941957952868529e-10
-2.487664961914935e-10
-3.3993242791886347e-10
1.0366552701663438e-10
1.0633768851389725e-10
3.5774624677790086e-10
-4.081091682916835e-10
