0.10132135798427233

1.0112279983916751e-12
-0.0004505007391637198
-0.0010416106288048334
-0.0009500658862693802
-1.5286260356876387e-05
2.0567718438868372e-05
-6.482082533125703e-07
-1.1166949266519027e-05
5.379989310649332e-05
-2.111766722537559e-05
1.5398191933178408e-07
-1.376665609599282e-07
7.387967887434013e-08
2.4288362361891483e-08
-2.9428787505605674e-07
1.3758820901234738e-07
1.2313326975732701e-07
-1.3339334081896984e-07
-3.3287738851367186e-07
2.9256313494804243e-07
-3.794697789345981e-10
2.9984766436449005e-10
-2.546640126895848e-10
-2.5168732614545914e-11
6.838239604824273e-10
-3.0696515829969186e-10
-9.957482183734304e-11
1.721919839239714e-10
6.576426502837176e-10
-4.5085111859776764e-10
-3.1270544987063314e-10
1.2780408417663984e-10
3.3307743947923037e-10
6.021091993253719e-10
-7.224085679436262e-10
