0.1064737438727778

1.1703362700152294e-12
-0.0006263227578169822
-0.001307795486935799
-0.0008923022485405144
-1.3675705648629015e-05
2.4032004336587272e-05
-1.1383095311103349e-06
-7.678558265701908e-06
5.359648708842551e-05
-2.0910831241540408e-05
1.4802075684923032e-07
-1.5364340918675758e-07
7.172608600039127e-08
7.0237381469265565e-09
-2.942964887676758e-07
1.4200120287089182e-07
1.0298286921983752e-07
-1.3321819588905416e-07
-3.3289084765105844e-07
2.898251291358358e-07
-3.716209803130754e-10
3.234102173121033e-10
-2.478392583077382e-10
1.0462399783255297e-11
6.838843261774494e-10
-3.070196820463911e-10
-8.01382317938541e-11
1.9617760325651784e-10
6.375382981014998e-10
-4.5805614113567833e-10
-2.6724991314139777e-10
1.1771154309956783e-10
3.3505076530048353e-10
6.128329689731432e-10
-7.169531263369158e-10
