0.10842138763499429

1.2361460890288338e-12
-0.0006968316363171773
-0.001421374237679105
-0.00086714339571441
-1.2969996838194845e-05
2.543356262817025e-05
-1.4111193616884436e-06
-6.042887119261175e-06
5.337916644489385e-05
-2.0676024712436727e-05
1.451644108312162e-07
-1.6018423166878748e-07
7.087660233524737e-08
-1.6525345224247308e-10
-2.9326188369063834e-07
1.437107110435821e-07
9.295581175954824e-08
-1.3262070980327367e-07
-3.32685548170108e-07
2.876363089335351e-07
-3.6741353835662883e-10
3.3307769021212974e-10
-2.445827937692658e-10
2.561408946017871e-11
6.814286411749525e-10
-3.0692154972844704e-10
-7.260572308277244e-11
2.0649849628092074e-10
6.266730776476443e-10
-4.602232133254347e-10
-2.438123479680056e-10
1.1217452875353702e-10
3.3538398593442913e-10
6.182535864017127e-10
-7.127357602735767e-10
