0.11297089020708076

1.4349136104433512e-12
-0.0009002011005292618
-0.0017692025830886946
-0.0007959586217496908
-1.0352461661129838e-05
2.953991243699893e-05
-3.4577143691452207e-06
4.874516291469333e-07
5.132120280538515e-05
-1.7950975290266885e-05
1.3301349839076405e-07
-1.8240182433545953e-07
7.090260669363708e-08
-2.1629603752706e-08
-2.8025631312909805e-07
1.5209007164836243e-07
4.739857492428849e-08
-1.2108130284733492e-07
-3.355040214137568e-07
2.6879451282247595e-07
-3.476651839795342e-10
3.705486888025092e-10
-2.3491441215837506e-10
7.087380454876738e-11
6.599598777900888e-10
-3.1526260581384504e-10
-5.026099934529108e-11
2.291032674179954e-10
5.729858009237768e-10
-4.682582528275105e-10
-1.315856875069938e-10
7.617637869174123e-11
3.250655616015914e-10
6.646236592863987e-10
-6.797086215771959e-10
