0.11507437437732931

1.6971546479436564e-12
-0.0010696168396420323
-0.002364147425650044
-0.0006648807809171679
-6.262723106427789e-06
3.261652203001093e-05
-6.001968765025749e-06
1.4853474198596222e-05
4.6035219412154e-05
-1.24542029842812e-05
1.0588743560725255e-07
-1.977645932518588e-07
6.766315655320706e-08
-4.0642380126710785e-08
-2.465433993487994e-07
1.484875239502342e-07
-6.419693268008126e-08
-1.027243090804901e-07
-3.2143442183515954e-07
2.272655903635407e-07
-2.896367178164451e-10
3.9085206487069936e-10
-2.066487276788413e-10
1.309903183883961e-10
5.605987215946291e-10
-3.064997292998466e-10
-7.44552652306131e-11
3.112936515712236e-10
4.5227325534891233e-10
-4.374328348897945e-10
1.6915765555073428e-10
4.808907522989019e-12
3.0838626457403323e-10
6.995914992794468e-10
-6.010379475441723e-10
