0.10441439226594357

1.5911021771447767e-12
-0.0007620493175038945
-0.0024955247673389817
-0.0005849249897637589
-6.503439129004979e-06
2.5806375207635462e-05
-3.3477305821040283e-06
2.3092783718822e-05
4.257524565959616e-05
-1.1856409450242422e-05
8.913741076549387e-08
-1.5524126095432925e-07
5.7213720058762734e-08
-1.1694416171208047e-08
-2.2423466598596768e-07
1.0616433297683874e-07
-1.4441181726555712e-07
-1.1087191804767703e-07
-2.756337342218811e-07
2.1410266328319534e-07
-2.3180383694858163e-10
3.021823766739551e-10
-1.7588394957104216e-10
1.2369866524610138e-10
4.176439922802506e-10
-2.42294807668294e-10
-2.0970854411774397e-10
4.3784995112104265e-10
3.8204449335914144e-10
-3.3464768591375913e-10
4.26922735061705e-10
-2.1654164757429962e-11
3.249746059846968e-10
5.825813769165949e-10
-5.650080090163104e-10
