0.07299049405484201

1.0326312067952648e-12
5.9244311042005944e-05
-0.00219715950202585
-0.0003558273041454226
-7.8607809008357e-06
5.664595003765791e-06
5.346232439293188e-06
3.227688747714153e-05
3.447920905126615e-05
-1.6489667999224187e-05
5.037685475116663e-08
-4.022908608503379e-08
3.8093123953426564e-08
8.841100468048055e-08
-2.0044276734219373e-07
1.5699281918278702e-09
-2.69326004871806e-07
-1.2284239533017544e-07
-1.4892265900902699e-07
2.1725664012349432e-07
-9.622146516183861e-11
8.253887576696557e-11
-1.3609146873196635e-10
5.003112676241112e-11
1.481438886252666e-10
-9.674637731363861e-11
-5.662364586950572e-10
6.964536930914683e-10
3.16424266479612e-10
-9.834924723210232e-11
8.978404630386675e-10
-7.459432344824728e-11
3.239159062101188e-10
2.137495707351951e-10
-5.335915307244554e-10
