0.06500596030976105

8.56056360054059e-13
0.00018238376792096685
-0.0019972850349817117
-0.00025240697434103954
-7.1576592165435855e-06
1.1573338404782933e-06
7.520868210592476e-06
3.2464575708408686e-05
3.14807651413261e-05
-1.8965169766005218e-05
3.5421967546925585e-08
-1.7824894721761147e-08
3.583052450217081e-08
1.1557038504462822e-07
-2.0217280347274173e-07
-2.023466959233664e-08
-2.8766953839505516e-07
-1.1528310286423376e-07
-1.1198317007440624e-07
2.236827112417705e-07
-5.532707627952805e-11
4.563382128502304e-11
-1.368185510984999e-10
2.7012824268671556e-11
1.1072623680506803e-10
-7.038807264953925e-11
-6.508368812161043e-10
7.427246028705473e-10
3.228851774587335e-10
-5.167168020768782e-11
9.889710494610419e-10
-9.987838000233482e-11
2.963855199741933e-10
1.0798666420564902e-10
-5.32543312809047e-10
