0.06364836316823189

8.227543267817121e-13
0.00019461121823514762
-0.0019517113278114584
-0.00022978330305882075
-6.9133244000775805e-06
4.207128998221609e-07
7.910433883470077e-06
3.2332096313945326e-05
3.0848068730663386e-05
-1.9524096175359145e-05
3.216154794497887e-08
-1.4512589762333516e-08
3.5643516475215106e-08
1.2061675689747552e-07
-2.0332458012064456e-07
-2.365625262472178e-08
-2.899684611409023e-07
-1.1284607418199863e-07
-1.0489255121017271e-07
2.2529942529856092e-07
-4.722106799340527e-11
4.090455851771396e-11
-1.379302490745184e-10
2.238350976901344e-11
1.072134551464121e-10
-6.679913637582312e-11
-6.65552256343618e-10
7.493665243502339e-10
3.263110552622057e-10
-4.465873575216738e-11
1.0033600713652542e-09
-1.0567472055157367e-10
2.8860331625638364e-10
8.801233649618576e-11
-5.328676858471093e-10
