0.062290917968564036

7.894556593912743e-13
0.00020682659747699354
-0.0019061368017906728
-0.0002071565086366525
-6.668898934827875e-06
-3.1580471551643807e-07
8.299941246945428e-06
3.21996490541028e-05
3.021527606679866e-05
-2.0082990129548756e-05
2.890108853160174e-08
-1.1201395104489222e-08
3.5456891300771996e-08
1.2566315926788322e-07
-2.0447618361427032e-07
-2.7077785598800274e-08
-2.922678010476077e-07
-1.1040872374933398e-07
-9.78015731427819e-08
2.269159088654418e-07
-3.911570064439912e-11
3.617771674253203e-11
-1.3904208954602635e-10
1.775483320645161e-11
1.0370059096947865e-10
-6.321164903735233e-11
-6.802677213082768e-10
7.560079172878099e-10
3.297367391151339e-10
-3.7644960598713856e-11
1.0177501037067487e-09
-1.1147161826297538e-10
2.808209427789331e-10
6.803747813330274e-11
-5.331918563784132e-10
