0.06014132097018446

7.302561342609705e-13
0.00020738835811846476
-0.00181175042019273
-0.00015913828199133853
-5.995654507144271e-06
-1.3956106425791858e-06
8.913449731949263e-06
3.171024509998414e-05
2.8921158876444125e-05
-2.124073268668743e-05
2.210668158527713e-08
-7.244870658240137e-09
3.575488287699808e-08
1.3448047668460567e-07
-2.0792908897606736e-07
-3.17267425771068e-08
-2.947322854534793e-07
-1.0392444194725012e-07
-8.487905793881946e-08
2.3044521198562738e-07
-2.363080244534742e-11
3.2530698155333196e-11
-1.4312368899844278e-10
9.204656568199197e-12
1.0379018827465966e-10
-5.983911446455404e-11
-7.04360396653002e-10
7.640761338434614e-10
3.3959200811040704e-10
-2.8693560180565398e-11
1.0397238234360632e-09
-1.2424678888080727e-10
2.6161749461537774e-10
3.273847591327708e-11
-5.345434452880939e-10
