0.05698282032569155

5.522497067639523e-13
1.637113486461875e-05
-0.001379860519661
2.9859278838749528e-05
-1.924746081989746e-06
-2.943891737353658e-06
1.0308383064241069e-05
2.7458453174706047e-05
2.382521616880071e-05
-2.6314415756967427e-05
-6.631411805804449e-09
-1.1078904461134426e-08
4.237942625330976e-08
1.6379846021201653e-07
-2.3559289785664524e-07
-3.2197329125360634e-08
-2.847070630497107e-07
-6.441928274481765e-08
-4.489456145315981e-08
2.485702683055405e-07
3.088531786448433e-11
6.263788397530483e-11
-1.764167511732146e-10
-3.0172177532258116e-11
1.7336330471046884e-10
-8.076696347797128e-11
-7.632070713171353e-10
7.512723108119195e-10
4.155770697168926e-10
-3.6988111449368086e-11
1.067495378570335e-09
-1.835403526806431e-10
1.5166067386012348e-10
-6.887996450870153e-11
-5.491957236129768e-10
