0.05698480057263186

5.336444584543821e-13
-1.9712458753031982e-05
-0.001320700783647863
5.171189304965926e-05
-1.33592690406446e-06
-2.9877544173178814e-06
1.0433108019461394e-05
2.6752529457048158e-05
2.3212576665757156e-05
-2.6983989260877035e-05
-1.0282071059646469e-08
-1.2681848084294416e-08
4.355105306564e-08
1.6735664396772083e-07
-2.402076812822569e-07
-3.108764411742427e-08
-2.820359737504199e-07
-5.85893429751329e-08
-4.0730595607483066e-08
2.5118912711684907e-07
3.713533477741332e-11
6.908373797441713e-11
-1.8176951219860634e-10
-3.6095632605232456e-11
1.8715261104718125e-10
-8.578457173589696e-11
-7.685401919176815e-10
7.466449505888713e-10
4.28145561044242e-10
-4.0999434288846174e-11
1.0668550780518273e-09
-1.9138634940358393e-10
1.3559126560248976e-10
-7.895876983263695e-11
-5.518325265818292e-10
