0.05848774894121889

5.160190518117701e-13
-0.00013685255100767162
-0.001202052193850614
9.275987850644222e-05
1.5241506583542413e-07
-2.4503790254815805e-06
1.0501263775312495e-05
2.4998392255305003e-05
2.2067298135879466e-05
-2.842427359761938e-05
-1.7939321400519356e-08
-2.0013840388467016e-08
4.68578602543211e-08
1.7323110841263045e-07
-2.529280629714883e-07
-2.5046679062555778e-08
-2.733314641502666e-07
-4.444626276283709e-08
-3.4896624733433994e-08
2.573137397439489e-07
4.8107526327460354e-11
9.107176628714253e-11
-1.9573333246007945e-10
-4.943584563895717e-11
2.3011078231241923e-10
-1.032652299652513e-10
-7.717711037960677e-10
7.292094008998872e-10
4.6153857783918325e-10
-5.846974520411914e-11
1.054794050809432e-09
-2.0809415246245437e-10
9.654324682594864e-11
-9.076216794792368e-11
-5.590907371309205e-10
