0.0723292466896612

5.223395933127121e-13
-0.0008743060844868391
-0.0006620415040289768
0.0002748834170574404
8.567572456137321e-06
2.1855215663655635e-06
1.0580102482098312e-05
1.586042535438594e-05
1.6944107955851336e-05
-3.595902270881798e-05
-5.7121992927917914e-08
-6.797566426594563e-08
6.514608449681554e-08
1.995452970802578e-07
-3.301374302189295e-07
1.63553937187885e-08
-2.2333178273960104e-07
3.130735546905045e-08
-1.3100838303403703e-08
2.905905676819273e-07
9.81744919941837e-11
2.2462889946390242e-10
-2.732791329942605e-10
-1.2492899924111865e-10
4.953896594404957e-10
-2.1387059912151784e-10
-7.682604219694396e-10
6.233506212269256e-10
6.569169965192719e-10
-1.744276845644615e-10
9.695656599269774e-10
-2.8896772263607485e-10
-1.1925136065180967e-10
-1.2571365343737964e-10
-6.008133034189298e-10
