0.07424698658502035

5.327745848376148e-13
-0.0009640366565672325
-0.0006170980638802007
0.00029446377228273675
9.544397337482151e-06
2.8796175716518997e-06
1.0536966490057134e-05
1.5002816148651924e-05
1.6422718333451945e-05
-3.673330074143819e-05
-6.140068819049189e-08
-7.407451875131835e-08
6.713139096002285e-08
2.0150682882902833e-07
-3.3872197756477973e-07
2.14929716126263e-08
-2.1837742881222915e-07
3.948505942725438e-08
-1.1234905321640693e-08
2.9392032490024704e-07
1.0330963857968762e-10
2.4055494948016634e-10
-2.8155508031780254e-10
-1.322451724404522e-10
5.255090885655011e-10
-2.268119655845173e-10
-7.65813613276547e-10
6.115870652618346e-10
6.77830124693746e-10
-1.883355972139641e-10
9.604223573405726e-10
-2.973018987720137e-10
-1.4291705812463474e-10
-1.2747856965320564e-10
-6.048748253151274e-10
