0.088327305399264

6.465437630134708e-13
-0.001661196824764413
-0.0003953561712939059
0.0004950867194985094
1.7336168836221206e-05
9.254312098120175e-06
9.651160977530101e-06
1.035237959205339e-05
1.1916956470578985e-05
-4.2285679074883374e-05
-9.556011495753524e-08
-1.2456391226933342e-07
8.168223168967307e-08
2.0622148048413735e-07
-3.9508296357752153e-07
5.99402544692367e-08
-1.911855651040082e-07
9.86767223673868e-08
6.828005812788356e-09
3.146405968291678e-07
1.4628383176116525e-10
3.650853211582324e-10
-3.385053278548752e-10
-1.6522588879175364e-10
7.292844330757018e-10
-3.184498661888449e-10
-7.351871973360561e-10
5.333426653275713e-10
8.089398234865319e-10
-2.875699384850452e-10
9.117534366803462e-10
-3.5909999016937235e-10
-3.150969718377952e-10
-1.4527979782326455e-10
-6.252539088831455e-10
