0.09160966039647761

6.887499516951812e-13
-0.0018927448902686032
-0.0003791909845765921
0.0006085319850898445
2.020125778499549e-05
1.199153185635936e-05
8.889383454805874e-06
9.90719463207866e-06
9.763482348128339e-06
-4.392529943876419e-05
-1.0868784852002078e-07
-1.4410713789622105e-07
8.655636427914498e-08
2.010078678174059e-07
-4.0599576727889085e-07
7.173374479225833e-08
-1.8899416868472842e-07
1.1759368512488203e-07
1.6678176862985703e-08
3.1825216266668443e-07
1.648886270266208e-10
4.0946745355004097e-10
-3.539926609680386e-10
-1.587260418157416e-10
7.756225892063534e-10
-3.429236712414481e-10
-7.179287187988643e-10
5.143411931648045e-10
8.307751614399535e-10
-3.142786270944891e-10
9.110217878571801e-10
-3.8205248013892987e-10
-3.677890569250779e-10
-1.5680847705646905e-10
-6.243867781715977e-10
