0.06231119270614141

6.163899067105093e-13
-0.0027182950365054743
-0.0011774873481504651
0.002407185570976996
3.701243897322547e-05
4.150275696963597e-05
-1.1834111943485666e-05
2.316501286119861e-05
-1.4169073886498785e-05
-4.9914156578306036e-05
-1.8455408215151122e-07
-3.315365188178499e-07
1.4461519605539765e-07
-2.8849902492719583e-09
-2.5566508687513493e-07
1.3798406700228887e-07
-2.5440635582067484e-07
1.8727812661789193e-07
1.2212422095081938e-07
2.860014632209158e-07
2.8963198200626494e-10
7.71520707821309e-10
-4.1362670272677006e-10
3.209063702321074e-10
5.030599462587944e-10
-3.728040773605363e-10
-3.7915418305288907e-10
4.731600973317374e-10
4.364330302518851e-10
-3.60733658832342e-10
1.0233976363556772e-09
-5.165221940078124e-10
-4.886841532947246e-10
-2.7895997053415246e-10
-5.044675242440386e-10
