0.043580634822487

4.70549941832537e-13
-0.002552232297026639
-0.0017488553810415552
0.0031647337803653226
3.6784044904937305e-05
5.5266930015810845e-05
-2.511192112688461e-05
2.7696224092958488e-05
-1.7061287175960832e-05
-5.227057958162543e-05
-1.655184960232639e-07
-4.138023679902684e-07
1.862553449490936e-07
-1.2641401561851697e-07
-1.5336724269989306e-07
1.775447024824997e-07
-2.4517860374875065e-07
1.5444324962852656e-07
1.2365278625266542e-07
2.855704609961343e-07
2.457762390849672e-10
9.190354514059271e-10
-4.514080139007539e-10
5.901805205533994e-10
2.85299520759172e-10
-3.853715479358958e-10
-1.5139308097351029e-10
4.394475864361183e-10
1.9856472536076362e-10
-3.9142627752609757e-10
9.069441494029887e-10
-4.562583722969284e-10
-3.9353737369886517e-10
-2.5644415992038197e-10
-4.978583067690227e-10
