0.04396138308642297

3.782442288305341e-13
-0.0022394421124662172
-0.00187853753747208
0.0032045378647547074
3.168969497297486e-05
5.718896202558786e-05
-2.8843917539696793e-05
2.4528151548749552e-05
-1.044516990574793e-05
-5.554259036721088e-05
-1.2472177544173044e-07
-4.2531127642976896e-07
2.090108301736039e-07
-1.483787871708146e-07
-1.473090846938741e-07
1.994046336000958e-07
-1.97369811687249e-07
1.0772658880460914e-07
9.125112224763001e-08
3.152335677762335e-07
1.633927978245755e-10
9.41794960330594e-10
-4.900992716517937e-10
6.173923816529183e-10
2.707201179362984e-10
-4.2192786371895703e-10
-8.5946914996868e-11
4.0778443410488896e-10
2.046658323598754e-10
-4.3576928398592915e-10
7.297060814667884e-10
-3.4612134365607525e-10
-3.1304758473994136e-10
-2.1264536002657702e-10
-5.640526916056465e-10
