0.05576557504595245

3.1848870439087537e-13
-0.0015305164332483604
-0.0022889610704532122
0.003050316229534628
1.883970043777469e-05
5.814924940840922e-05
-3.2985509941171975e-05
1.844199297265269e-05
8.40635043156685e-06
-6.337222399572326e-05
-2.6742216211646635e-08
-4.2305343994051495e-07
2.474479850041532e-07
-1.683522056690861e-07
-1.6860476333792862e-07
2.3648493320826974e-07
-9.748506502097477e-08
-1.5108388455234317e-08
1.4694062111142425e-08
3.897273871819841e-07
-2.9843371961188465e-11
9.318932540295218e-10
-5.61808679108375e-10
6.029895040018428e-10
2.907911354752399e-10
-4.995168021373195e-10
4.8081823841003994e-14
3.7548308985252155e-10
2.873016717117273e-10
-5.257958173618518e-10
3.558120772407149e-10
-6.029859857416708e-11
-1.2407973962229228e-10
-1.3036108227512404e-10
-7.28462783656516e-10
