0.05693178303872348

3.171719933313551e-13
-0.0014763581428638038
-0.0023227756774629295
0.0030331498407357455
1.7843936093163235e-05
5.8125565074210687e-05
-3.321152776135278e-05
1.803561021238538e-05
9.912540960730906e-06
-6.397693880938155e-05
-1.925886816230168e-08
-4.222197025764204e-07
2.5017916199235464e-07
-1.689437215641488e-07
-1.711172406814743e-07
2.390668022286428e-07
-9.04519705689296e-08
-2.4675773981304662e-08
8.837703859504339e-09
3.95558962381789e-07
-4.4477227097852985e-11
9.298630081867109e-10
-5.671349392915515e-10
5.997700958901588e-10
2.9365266220032046e-10
-5.056535774431794e-10
4.500685448781806e-12
3.741238789943792e-10
2.953949614847674e-10
-5.325036389142414e-10
3.2925788884079676e-10
-3.803855816323186e-11
-1.1000678325353523e-10
-1.243764706770105e-10
-7.413066712555455e-10
