0.08738638334626511

4.63320972168739e-13
-0.000655549613604653
-0.0030971412643560335
0.0026337017199458183
1.4081131323531392e-06
5.7342629800504656e-05
-3.553777060501666e-05
1.4033802067336232e-05
3.7283052527788585e-05
-7.450687341247919e-05
1.0657008952454723e-07
-4.0219643430167795e-07
2.935244848777029e-07
-1.643391169412983e-07
-2.3872231885069907e-07
2.8425674759965013e-07
8.302844199428392e-09
-1.915711826898519e-07
-9.336759481332351e-08
4.975470923949636e-07
-2.9089767710304687e-10
8.827251819956458e-10
-6.569224316435561e-10
5.022219528513834e-10
3.889741471447712e-10
-6.283453461346268e-10
4.541682525895686e-11
3.7762706031396726e-10
4.764111381283864e-10
-6.575451326445621e-10
-6.609617076611364e-11
3.5511133856561717e-10
1.1276871043670167e-10
-1.6327211246828377e-11
-9.64800431860732e-10
