0.09341159274527067

4.914667044672965e-13
-0.0005207309273793707
-0.003218870935913356
0.002552629456177173
-1.4719139503875466e-06
5.7320952136253426e-05
-3.61263831309721e-05
1.3024253593438835e-05
4.2244896468531825e-05
-7.629838358315566e-05
1.2931150327480654e-07
-4.002824984226076e-07
3.0235173353892126e-07
-1.6269428428364498e-07
-2.525741124474965e-07
2.9467534560454615e-07
2.7767964273976366e-08
-2.1934927611811566e-07
-1.143756313028671e-07
5.160622491704545e-07
-3.3654742434389874e-10
8.791224302061261e-10
-6.758793670965044e-10
4.813195841859163e-10
4.147809485114156e-10
-6.558240105553375e-10
5.438043754288769e-11
3.7222231928324276e-10
5.144816410374845e-10
-6.857227295768668e-10
-1.4147235362742933e-10
4.2330140965628614e-10
1.4869064196001078e-10
1.1737312319444768e-11
-1.0063845303785488e-09
