0.10477204447206406

8.812865215990054e-14
0.0001293919905938851
-0.0023431653461832695
0.002000800870450556
-1.4529394293829836e-05
5.310056388440892e-05
-4.15703350838292e-05
-1.0393065897695392e-05
6.0782397370586883e-05
-8.123853786973504e-05
2.2951615696268922e-07
-4.0610729018781324e-07
3.6200038561156526e-07
-1.1443019188900906e-07
-3.231922931755177e-07
3.702482920449736e-07
2.1666618530705868e-07
-2.618900434887623e-07
-2.5666634552498357e-07
6.012580352071533e-07
-5.562880689695686e-10
9.450321766325661e-10
-8.241032822306794e-10
3.089156375778335e-10
6.763463196418223e-10
-8.457130576009924e-10
1.0865099694574875e-10
1.436395295886877e-10
7.963677169933428e-10
-8.911968059877482e-10
-6.898675632923865e-10
5.930612720690624e-10
2.1539697545069708e-10
2.8871858015188524e-10
-1.2240876995448879e-09
