0.12002402531283113

1.1940058230262258e-13
6.616277722891508e-05
-0.0021086840880469282
0.0017539863846622577
-1.6202582808105075e-05
5.183199570826504e-05
-4.05666105272359e-05
-1.7366904913809758e-05
6.672928201788085e-05
-8.4558917446892e-05
2.481039067156824e-07
-4.06366230729478e-07
3.747421230780152e-07
-7.905207817173994e-08
-3.84756404238624e-07
3.959065136007508e-07
2.6893653320381333e-07
-2.631051920152869e-07
-2.918701789081002e-07
6.354618907535516e-07
-6.044040668152063e-10
9.65771392548441e-10
-8.736426263181199e-10
1.993445973470595e-10
8.522740334381511e-10
-9.264978966614173e-10
8.965934787081793e-11
8.197767342724351e-11
9.62981633651828e-10
-9.743995819737223e-10
-8.284005479455447e-10
6.384731638102152e-10
1.7743589521491794e-10
3.5046698229134145e-10
-1.2987942931585587e-09
