0.12544807754058937

1.568906730240163e-13
1.4951615965766736e-05
-0.0020817536738021213
0.0016877162957289792
-1.6378932995516255e-05
5.192389394557687e-05
-4.022408159465161e-05
-1.8871762147912926e-05
6.836527952455684e-05
-8.548321565290773e-05
2.52194134649253e-07
-4.080799813721237e-07
3.775032711664919e-07
-7.098369252093362e-08
-4.032147026683661e-07
4.036930857920176e-07
2.813273305535243e-07
-2.633408415376061e-07
-3.010525471796037e-07
6.443337828743506e-07
-6.163228077234791e-10
9.735227638289064e-10
-8.859033646006912e-10
1.7053891741457574e-10
9.049487690188259e-10
-9.496098254618074e-10
8.744199635927478e-11
6.675082257340955e-11
1.0093202414875384e-09
-9.990453208389802e-10
-8.630620734740234e-10
6.515524134261017e-10
1.646025517903295e-10
3.674898072526729e-10
-1.3176241979284448e-09
