0.13297381356078639

2.1677249097147338e-13
-6.43197793461587e-05
-0.0020629904700540267
0.001603593579636105
-1.6513718957769705e-05
5.228640546130084e-05
-3.98283094312782e-05
-2.0679005237887502e-05
7.051631605595585e-05
-8.668356137421919e-05
2.573638213800283e-07
-4.114375850816301e-07
3.8108570121482926e-07
-6.163635664775309e-08
-4.2753147761851365e-07
4.145165701944554e-07
2.969667909734933e-07
-2.637150686604061e-07
-3.1324205033237884e-07
6.557180437242206e-07
-6.319359502427096e-10
9.854033513559562e-10
-9.01729390174218e-10
1.3444768033624346e-10
9.749818506433305e-10
-9.805918130391695e-10
8.700255823540441e-11
4.6898510032982444e-11
1.0692954972947766e-09
-1.0325297639140912e-09
-9.081298874094495e-10
6.691213510237027e-10
1.474283570656679e-10
3.9094319757176487e-10
-1.3417168261904624e-09
