0.15059024270898677

3.7302914190379703e-13
-0.00025891260068520273
-0.002050781352573518
0.0014085805016164792
-1.6799716343269926e-05
5.3583877540669286e-05
-3.9105821412914716e-05
-2.4565968850206496e-05
7.550759787713155e-05
-8.908673558177425e-05
2.698269290415483e-07
-4.209453986123038e-07
3.8875673391948667e-07
-4.4018938093891947e-08
-4.811898069269355e-07
4.403448415637232e-07
3.327312776970551e-07
-2.653884074472404e-07
-3.4293435796622614e-07
6.797130845071191e-07
-6.695798686631596e-10
1.0145443121276461e-09
-9.35590934586159e-10
5.693769141741383e-11
1.1334199395290205e-09
-1.0510377108924264e-09
9.509612749257515e-11
-9.980983240313721e-13
1.2005314361326076e-09
-1.110481417188883e-09
-1.0157568820235954e-09
7.112018804420995e-10
1.1126896418811344e-10
4.512557470572872e-10
-1.393452858874676e-09
