0.1617585461098375

4.993219605628885e-13
-0.00040081181776140356
-0.0021014176436769797
0.0012960981827106928
-1.6780082059656306e-05
5.516389866495903e-05
-3.907287867951183e-05
-2.6136278686057008e-05
7.841530231162299e-05
-8.995177171458044e-05
2.7720827001784937e-07
-4.3035739357916573e-07
3.9302376206240044e-07
-3.922529583301495e-08
-5.098219402290637e-07
4.576382571827157e-07
3.5065378278863997e-07
-2.6648172123430544e-07
-3.6300653389532e-07
6.905419549107096e-07
-6.929339245269057e-10
1.0372098587240933e-09
-9.52952232174227e-10
1.995703968433014e-11
1.2236882985736859e-09
-1.0934456785504751e-09
1.1134163103010752e-10
-3.058298579488482e-11
1.2679831718307249e-09
-1.1591635121323735e-09
-1.076415230861621e-09
7.356104772414185e-10
9.277457499748092e-11
4.983789805602821e-10
-1.418606311380775e-09
