0.19643082415440788

1.1090643434479773e-12
-0.001040746167109228
-0.0026953713535031627
0.001057428724136206
-1.2089620583831657e-05
6.566880251576316e-05
-4.670422073348559e-05
-1.77714009365803e-05
8.055898227017414e-05
-8.283297434531055e-05
2.755855223896842e-07
-5.043601456549022e-07
4.2053930253038894e-07
-5.45905571251793e-08
-5.46592454081711e-07
5.37047574465124e-07
2.9878131439839806e-07
-2.2198259325718005e-07
-4.482994773286508e-07
6.660341135944598e-07
-7.236862464046771e-10
1.2024155980819807e-09
-1.0063420859945947e-09
-2.0290459445348244e-11
1.4251333608294958e-09
-1.2706041737160042e-09
1.8976287940394056e-10
-1.1947683537355644e-10
1.3368686380147786e-09
-1.334650118772659e-09
-9.826204563891867e-10
6.897732318078369e-10
-3.772796014745508e-12
8.226335687977645e-10
-1.405309076021403e-09
