0.1997864738661581

1.341102925459188e-12
-0.0013094796368362492
-0.002944093949357251
0.0010145236967592434
-9.142957650141515e-06
6.902752249941709e-05
-4.712592006903932e-05
-1.239800926371875e-05
7.754596718099037e-05
-7.72322633268384e-05
2.5904567440523524e-07
-5.179748343438099e-07
4.0653210926793585e-07
-7.64598391693429e-08
-5.285338595072516e-07
5.368944323297403e-07
2.59779258222787e-07
-2.0170372966716477e-07
-4.527521794854694e-07
6.298473789099396e-07
-6.95937221889847e-10
1.216470235164387e-09
-9.681856250226463e-10
1.704830802786798e-11
1.407030654299787e-09
-1.2527156196553193e-09
2.2694773189428462e-10
-1.1518601075492892e-10
1.2704681034000708e-09
-1.3254617711905194e-09
-8.888303826543783e-10
6.34049683436123e-10
-1.4722911795975058e-11
8.81306178879158e-10
-1.34063668298567e-09
