0.03313709028115548

-4.346435539728523e-13
0.0010051612381883686
0.0011262427927048477
-0.0010818019774484716
-2.0712294485582937e-05
-1.182650292999005e-05
-1.000248491330807e-06
-2.7105072831822986e-05
3.5188139274281055e-05
-1.1594825765828611e-05
1.404359667598943e-07
1.391362371388792e-08
8.269415664322788e-08
1.5423140832841317e-07
-1.8738112569936737e-07
7.974569486320738e-08
1.7713246533149311e-07
-6.708483687684586e-08
-2.385548683301296e-07
1.9346620529207998e-07
-3.0027800971283996e-10
6.68497569107941e-11
-2.451890618368265e-10
-3.076168665766823e-10
4.55008704459594e-10
-2.680536006917213e-10
-2.3417098660426176e-10
-7.591335890649234e-11
5.70075216469437e-10
-2.811804757333434e-10
-3.991828535297351e-10
1.243181192550665e-10
1.6022443606814365e-10
4.2334275308524426e-10
-4.904127179495407e-10
