0.04095730328531659

-4.025066742521722e-13
0.0010907087169859462
0.0011351841011624044
-0.0012539045719020543
-2.4022484679280442e-05
-1.1590980432150285e-05
-5.627692157569593e-07
-3.0040250354589907e-05
4.20734613080842e-05
-1.3371875352784631e-05
1.643403200505513e-07
9.703882697080085e-09
8.94385696926916e-08
1.6436337746571292e-07
-2.165389398929117e-07
8.925901509918815e-08
2.0066099623676536e-07
-8.68282786685414e-08
-2.816126798185667e-07
2.2690046398756433e-07
-3.5278354139191977e-10
7.938605101355406e-11
-2.7053420007289973e-10
-3.2139371274655453e-10
5.180581363099792e-10
-2.912921586575929e-10
-2.5702289450026926e-10
-6.0246406316808e-11
6.44472335242976e-10
-3.203906161604817e-10
-4.560842056913598e-10
1.4273388298491226e-10
2.1807460530654106e-10
4.959095870532062e-10
-5.771853513522419e-10
