0.0828659952014841

5.22013053228085e-13
0.00011630472062771207
-0.00026785489800469305
-0.001109175112577529
-1.9584153131422054e-05
9.440115760342948e-06
-1.1449964431422866e-07
-1.91961631596935e-05
5.23872777686299e-05
-1.9606306266637825e-05
1.6621350466519028e-07
-8.737011891587904e-08
8.091936326782243e-08
7.689564677717628e-08
-2.795479240139683e-07
1.2241344036873108e-07
1.613462807253579e-07
-1.2574773820402639e-07
-3.2891039940628085e-07
2.8522742346712675e-07
-3.8890676735190704e-10
2.2598090463375552e-10
-2.6917015308828136e-10
-1.3037007343816532e-10
6.494387512078252e-10
-3.054091141069658e-10
-1.656749163511687e-10
1.0215015870420497e-10
6.834798480975173e-10
-4.170806454208352e-10
-3.8772365125258456e-10
1.3963964263660718e-10
3.173702829153602e-10
5.816028710177561e-10
-7.092166675336588e-10
