0.11546671510843687

1.5854437321243425e-12
-0.001025446018730458
-0.002062128325285555
-0.0007413065012581519
-8.260844404819828e-06
3.209946301636021e-05
-5.2533904231400426e-06
6.865079214840347e-06
4.910070898055842e-05
-1.50545570379992e-05
1.2169548433685774e-07
-1.9654976198388436e-07
7.097161362249585e-08
-3.582374706481346e-08
-2.651121478943015e-07
1.5643388537959497e-07
1.5820288327663184e-10
-1.1051236896673542e-07
-3.356580185558101e-07
2.4870334436632047e-07
-3.26461792628616e-10
3.9401967936345425e-10
-2.2471999748103258e-10
1.0384525596309884e-10
6.269231905638691e-10
-3.201382933152108e-10
-4.34930981625487e-11
2.5384095195849374e-10
5.186411847248667e-10
-4.66987083159817e-10
-1.045772023852778e-11
4.245190929595086e-11
3.155110702064259e-10
7.024889991666056e-10
-6.438485615505139e-10
