0.1096052980157344

1.6615220173527931e-12
-0.0009253851667127856
-0.0024742388190734364
-0.0006129509308775612
-6.073701351973339e-06
2.936005231669694e-05
-4.78176138197903e-06
2.0100320711230133e-05
4.3826750620198644e-05
-1.173279822187478e-05
9.515715182811107e-08
-1.769091691738886e-07
6.166253283334758e-08
-2.7632866306263017e-08
-2.3219266834900453e-07
1.2610133368098901e-07
-1.1315741698333092e-07
-1.0564394917816728e-07
-2.964046131871274e-07
2.1718146555257416e-07
-2.55356150447203e-10
3.461405802847977e-10
-1.8789256923127165e-10
1.3258299508006185e-10
4.788941863170414e-10
-2.7154215213898757e-10
-1.4466546843159937e-10
3.822272679777006e-10
4.0620156741140364e-10
-3.8143361665048973e-10
3.222323913571359e-10
-1.3977549611505588e-11
3.1609765595860045e-10
6.406477295297816e-10
-5.759822396550681e-10
