0.06539335278080002

4.967197531068995e-13
-0.0005419355548209202
-0.0008607963642086178
0.00020316394256691739
4.922434165381083e-06
-1.7939994738723194e-07
1.0641165251461297e-05
1.949235498644301e-05
1.893204058692657e-05
-3.288014816855757e-05
-4.0909588384662445e-08
-4.587150923178852e-08
5.743279316803016e-08
1.9019117180273643e-07
-2.965844616484142e-07
-2.7456849417648325e-09
-2.4405464881490646e-07
-3.22419860512056e-10
-2.0558501124377165e-08
2.7695887510080243e-07
7.857044529542165e-11
1.6528782369520293e-10
-2.4070828619140954e-10
-9.39572367787808e-11
3.7891021874327756e-10
-1.6458802327659506e-10
-7.745406931273681e-10
6.693486486955723e-10
5.737056127104578e-10
-1.2183747396362092e-10
1.0073930422383949e-09
-2.566397706759179e-10
-2.7962979465100242e-11
-1.1669573501386346e-10
-5.83605491425935e-10
