0.06694381692774357

4.991004427734691e-13
-0.00061839134056411
-0.0008063671846877533
0.0002194353146478918
5.768212245464605e-06
3.089433833324577e-07
1.0653748805960695e-05
1.853403709398616e-05
1.845959989046558e-05
-3.364525076822096e-05
-4.473728545817148e-08
-5.082481499718291e-08
5.9304243714820244e-08
1.9290696158250978e-07
-3.0477641266776034e-07
1.6673255003775812e-09
-2.386477768234217e-07
7.314420957533172e-09
-1.869646798908263e-08
2.8044490124781043e-07
8.323769554391209e-11
1.7903258949540153e-10
-2.487178243971916e-10
-1.0212748244314906e-10
4.070309829298311e-10
-1.7628847755066648e-10
-7.738474654218044e-10
6.581125984844724e-10
5.943982965971774e-10
-1.342244732908529e-10
9.976229315008304e-10
-2.644689757840699e-10
-4.994073020907794e-11
-1.1943805277620275e-10
-5.881481392396215e-10
