0.07041172668973122

5.119093364413184e-13
-0.0007845759032099936
-0.0007069948817474345
0.00025530195582297224
7.590806397438659e-06
1.4913846309933799e-06
1.0623157765972329e-05
1.671813148886068e-05
1.7465684447115354e-05
-3.518476961131455e-05
-5.284373583300235e-08
-6.187690600118263e-08
6.316111035077536e-08
1.9758423434335995e-07
-3.215528811915163e-07
1.121825994124457e-08
-2.2828662067839118e-07
2.3128844636082328e-08
-1.4967594951464832e-08
2.8726101475308177e-07
9.304033548124e-11
2.087030861828731e-10
-2.650036554287245e-10
-1.176131404267836e-10
4.6527055841331993e-10
-2.0093000495630444e-10
-7.707080004461845e-10
6.351135123232865e-10
6.360041181090205e-10
-1.6052057631196553e-10
9.787097778370895e-10
-2.806323027579236e-10
-9.558409235324561e-11
-1.2394763965689919e-10
-5.967521938410353e-10
