0.07616443192341246

5.432023899188435e-13
-0.0010537683545554968
-0.0005721473679633034
0.0003140553532215689
1.0521197047214405e-05
3.573778313777717e-06
1.0493876034918385e-05
1.4145129237090287e-05
1.590113406078808e-05
-3.7507689212059886e-05
-6.567923553152685e-08
-8.017338197131833e-08
6.911662355018508e-08
2.0346784622593485e-07
-3.473064625990667e-07
2.663027702383008e-08
-2.1342262528055982e-07
4.766349588655738e-08
-9.368040911625575e-09
2.972505426781788e-07
1.0844463872664833e-10
2.564806280207247e-10
-2.898316295642219e-10
-1.395601832626003e-10
5.556277561407718e-10
-2.397519035529081e-10
-7.63366692993082e-10
5.998243782515512e-10
6.987432559791726e-10
-2.0224375852617111e-10
9.512784086233258e-10
-3.0563725286744413e-10
-1.665843344899422e-10
-1.292449347977511e-10
-6.089368970104887e-10
