0.08660791790966998

7.309265558225215e-13
-0.0025358613972045335
-0.000646918089364295
0.001417525044935876
3.082511392814201e-05
2.5824126469659498e-05
8.663935358876717e-07
1.4853826752792581e-05
-2.3912472195794713e-06
-4.869522735192714e-05
-1.591030240521804e-07
-2.3605427993789265e-07
1.1378758259224667e-07
1.2779930955158749e-07
-3.725111195507866e-07
1.0986037279682768e-07
-2.1911444709748893e-07
1.730226019287609e-07
7.426678325264664e-08
3.122098670330348e-07
2.4632148409737067e-10
5.982676501524936e-10
-3.982659263174763e-10
1.117222380718865e-11
7.483868684305335e-10
-3.899265338074446e-10
-5.932168366586322e-10
4.845422573407861e-10
7.290364004794585e-10
-3.650149535957274e-10
9.851399076582372e-10
-4.706407726678827e-10
-4.990087232691513e-10
-2.2986980689457992e-10
-5.787634110235128e-10
