0.07225355124220675

6.450904782012889e-13
-0.00263900069591405
-0.0009254921257074582
0.0020065611794174176
3.4464236914492474e-05
3.49273138775097e-05
-6.7213189076101166e-06
1.92081446319598e-05
-9.304593703954278e-06
-4.98300141067775e-05
-1.738732112233171e-07
-2.9290756159306355e-07
1.3384464046091227e-07
5.307773371857541e-08
-3.060732810528866e-07
1.279607876665058e-07
-2.3672867072056203e-07
1.8262429687141468e-07
1.023936291550128e-07
2.994474080050935e-07
2.709933038518961e-10
7.038792883842831e-10
-4.124794024347418e-10
1.891980477648199e-10
6.108844274576249e-10
-3.8500362065296987e-10
-4.696426407702726e-10
4.737797275228248e-10
5.649242048507359e-10
-3.667339058512732e-10
1.0012888761266843e-09
-4.974728146995389e-10
-4.977779349540441e-10
-2.5990179563575477e-10
-5.398688126777216e-10
