0.07106980559151274

6.407866030514297e-13
-0.0026496471960554685
-0.0009534664174100785
0.00205557843294708
3.477655224753217e-05
3.573908601180253e-05
-7.343722881589765e-06
1.9623973924030163e-05
-9.883594478851605e-06
-4.987872277174673e-05
-1.751348941097692e-07
-2.9774064249376654e-07
1.3524610587232506e-07
4.632162424175108e-08
-3.002023607682412e-07
1.2932908284682785e-07
-2.383928257455562e-07
1.8326500789065736e-07
1.0473089346248216e-07
2.980706370220662e-07
2.730953166852675e-10
7.124907047052595e-10
-4.1295331614980446e-10
2.0503683184351604e-10
5.986427743507475e-10
-3.838472824800533e-10
-4.584512270356697e-10
4.732294608816691e-10
5.500715375829018e-10
-3.664520761167442e-10
1.0027455240647982e-09
-4.997238003937548e-10
-4.96966489406871e-10
-2.6226341310281065e-10
-5.360414908223768e-10
