0.06870331807319754

6.321946327852784e-13
-0.0026709665988144385
-0.0010094214527631028
0.0021536076829460436
3.5401520751871816e-05
3.736262927005067e-05
-8.588542963806118e-06
2.045563408434214e-05
-1.1041554927839657e-05
-4.9976152744421045e-05
-1.776599607083318e-07
-3.074070929719539e-07
1.380494917823e-07
3.280999880297579e-08
-2.8846139873475483e-07
1.3206613460955217e-07
-2.4172112851384257e-07
1.8454661814695895e-07
1.0940553996266232e-07
2.9531717749372984e-07
2.7730203320538124e-10
7.297152888233857e-10
-4.139018176808568e-10
2.367130616488103e-10
5.741600833183677e-10
-3.8153642836574767e-10
-4.3606954865636264e-10
4.721295902145778e-10
5.203684438813461e-10
-3.6588940993773276e-10
1.0056590040419828e-09
-5.04226146643314e-10
-4.953444507252091e-10
-2.6698728354025207e-10
-5.283868204294876e-10
