0.04712609478924415

5.5390167367592e-13
-0.002735346332323691
-0.0016353393608507043
0.003033033475380683
3.9246587866017736e-05
5.251492203702125e-05
-2.1293905725380608e-05
2.8805195119181892e-05
-1.9524578150916147e-05
-5.0539943265563685e-05
-1.8727256325147849e-07
-3.9645767493176607e-07
1.6906648150695582e-07
-9.842399199792329e-08
-1.7295754044226587e-07
1.6160884758000587e-07
-2.7005157222175936e-07
1.795614766304078e-07
1.3892045682503838e-07
2.7240117141845576e-07
2.9040698132911016e-10
8.860002845594742e-10
-4.271171678869143e-10
5.373693445329208e-10
3.266018391421459e-10
-3.66871554747126e-10
-2.1539662054294004e-10
4.623407374536716e-10
2.32570154468202e-10
-3.6683095967822824e-10
1.0085246142296425e-09
-5.130085137888787e-10
-4.447791708693785e-10
-2.8210438669847407e-10
-4.685749801325407e-10
