0.04314551351412871

4.4496675914209006e-13
-0.0024855456460019776
-0.0017762893821599705
0.0031872640516793804
3.57702026569728e-05
5.588487101617416e-05
-2.61552467894973e-05
2.7050466304935756e-05
-1.5846855738566847e-05
-5.294630764993238e-05
-1.5708828083445545e-07
-4.178393024075398e-07
1.918508644181767e-07
-1.3288290575436597e-07
-1.501017129520838e-07
1.8290657004889195e-07
-2.3503523847827896e-07
1.451402413812901e-07
1.1697545000175045e-07
2.91447127260168e-07
2.285500467899821e-10
9.271797539265198e-10
-4.604523415651431e-10
6.003738539169873e-10
2.7878933277637893e-10
-3.9353125804963944e-10
-1.340417072580579e-10
4.311775637166214e-10
1.9565807238308502e-10
-4.0139171245646856e-10
8.687019394316053e-10
-4.342416741396059e-10
-3.764842393051135e-10
-2.462515722471888e-10
-5.110399892327134e-10
