0.04505792290019936

3.640819851128953e-13
-0.002146840399546522
-0.001926932874565812
0.003194529976937474
3.0026710177674423e-05
5.75266970300132e-05
-2.9596346079348314e-05
2.3585986916661013e-05
-8.079454168669385e-06
-5.6565177189244523e-05
-1.1173607840532543e-07
-4.2653135078771806e-07
2.146563346293809e-07
-1.5283119103820244e-07
-1.485258465385107e-07
2.0507676751967788e-07
-1.8282441239400345e-07
9.202270537337088e-08
8.092492219683324e-08
3.2485426858474567e-07
1.3742691177077025e-10
9.435817411437239e-10
-5.002493099933149e-10
6.194024602212035e-10
2.715434039925462e-10
-4.324206418650287e-10
-7.01442115381541e-11
4.00714048984361e-10
2.1257747403473642e-10
-4.486392138052915e-10
6.758224583479851e-10
-3.0923919276499913e-10
-2.8779439994723203e-10
-2.0041793552963911e-10
-5.853901421896811e-10
