0.05459940435445404

3.198059822349173e-13
-0.0015846816392712825
-0.0022551415323651025
0.0030674832341761474
1.983541468196323e-05
5.8173009596917255e-05
-3.275935090770616e-05
1.884834822180435e-05
6.900125482617062e-06
-6.27676120529863e-05
-3.4224813257893336e-08
-4.238877775311627e-07
2.44716331012266e-07
-1.677607248180107e-07
-1.6609250788311794e-07
2.3390250809530885e-07
-1.0451819503120435e-07
-5.540671665931322e-09
2.0550441336059105e-08
3.8389672111594405e-07
-1.5211287743357414e-11
9.339244426906243e-10
-5.564821886987849e-10
6.062092875850653e-10
2.879306359996767e-10
-4.933793341765755e-10
-4.404531183366275e-12
3.768422870447805e-10
2.792084367672761e-10
-5.190870554306254e-10
3.8236645409249697e-10
-8.255905098584553e-11
-1.3815334742159846e-10
-1.3634546061105788e-10
-7.156210095817372e-10
