0.08277497932396705

4.3813567697115814e-13
-0.0007527860798212603
-0.002998209591063962
0.0026928374832874183
3.497329241556292e-06
5.74154940297901e-05
-3.5244601080958434e-05
1.463026688915932e-05
3.3625095569967404e-05
-7.31050542581991e-05
9.017276584904524e-08
-4.043766047872164e-07
2.875541771332029e-07
-1.6592867340102273e-07
-2.27974183437613e-07
2.773708986171929e-07
-5.009941799646694e-09
-1.7052059964934088e-07
-7.909836790491744e-08
4.837889763798318e-07
-2.5829138562514336e-10
8.873809315071313e-10
-6.439020209548218e-10
5.1826968659775e-10
3.7052772938717795e-10
-6.093594088612083e-10
4.068140585695929e-11
3.7892394580787087e-10
4.481105693469781e-10
-6.383581165350846e-10
-1.3550728437067257e-11
3.0389034140672283e-10
8.642194240133808e-11
-3.3203542785141105e-11
-9.34547331786057e-10
