0.09601201985331739

4.991719424711098e-13
-0.00045661869338376886
-0.0032640605476686162
0.002515093424635937
-2.840305954783387e-06
5.736737545257698e-05
-3.6518069796223446e-05
1.2347380624981215e-05
4.4545329336775686e-05
-7.708734370751274e-05
1.4022938615400496e-07
-4.001075847604018e-07
3.069198188213378e-07
-1.6235033070827026e-07
-2.5856868034822413e-07
3.002455956202245e-07
3.835681318072562e-08
-2.3173082690169532e-07
-1.251113010417819e-07
5.246792582591118e-07
-3.587834832221303e-10
8.792965717185153e-10
-6.855901559014322e-10
4.722123448958876e-10
4.276246033927558e-10
-6.696411563146507e-10
6.076207144756288e-11
3.667031482020996e-10
5.322230573551512e-10
-7.003131984023078e-10
-1.809309023675247e-10
4.5436981313017907e-10
1.6535067358243723e-10
2.7661873531323605e-11
-1.026163902368342e-09
