0.0995480107217932

4.943611327239764e-13
-0.00034941968317599755
-0.0032957499929587375
0.002451193558237435
-5.1008936177904365e-06
5.747399189701818e-05
-3.740954197068965e-05
1.0640328800205824e-05
4.8162000941839066e-05
-7.816952012253078e-05
1.583658019638175e-07
-4.012568986368584e-07
3.153051123025879e-07
-1.620289894131049e-07
-2.672091502099905e-07
3.108492937770724e-07
5.936431441229613e-08
-2.494001328099102e-07
-1.449537811137223e-07
5.382520009972701e-07
-3.9651816878136646e-10
8.83907256401207e-10
-7.034231203307837e-10
4.5771566908916857e-10
4.512635995975888e-10
-6.944317629088973e-10
7.529875368127827e-11
3.4942983818316904e-10
5.616888656017467e-10
-7.273234739101642e-10
-2.5470504342184123e-10
5.008049214708964e-10
1.9097348568061944e-10
6.131365914539893e-11
-1.0587191856213142e-09
