0.10088236222452873

4.727866206389708e-13
-0.00028216868586377865
-0.003271428276611134
0.0024117185875924697
-6.436559266038348e-06
5.7455436375041026e-05
-3.810757209247422e-05
9.099488331553877e-06
5.010973724521497e-05
-7.865518696992148e-05
1.6897292924717628e-07
-4.0272763683154543e-07
3.210226751207183e-07
-1.6125057762829372e-07
-2.7150233443236237e-07
3.1803241785562755e-07
7.456099980238215e-08
-2.57183815807235e-07
-1.5812511134159108e-07
5.459179011917208e-07
-4.1912440010609165e-10
8.897858502246282e-10
-7.157880506710457e-10
4.485538719445271e-10
4.673846532646539e-10
-7.107162816419658e-10
8.533681820551293e-11
3.3278787530731186e-10
5.801148967396381e-10
-7.453068709747362e-10
-3.0406376384099304e-10
5.23362929396913e-10
2.038192770026922e-10
8.638234836373134e-11
-1.0781915062689693e-09
