0.10177329911881453

3.1417933315325075e-13
-6.307023258909789e-05
-0.0029611456124087423
0.0022653594341599434
-1.0521327803725594e-05
5.6610727621151856e-05
-4.063520529142665e-05
1.4266380254120832e-06
5.528024923854616e-05
-7.957126835985344e-05
2.003891970102978e-07
-4.088845108436622e-07
3.4123283723332477e-07
-1.521582950292318e-07
-2.846175771308954e-07
3.433113777175241e-07
1.359990016150217e-07
-2.672544365229041e-07
-2.050268573308955e-07
5.691497505153959e-07
-4.887173099162201e-10
9.194920749558781e-10
-7.625035423595466e-10
4.099564320324778e-10
5.353611040000316e-10
-7.681557557406397e-10
1.1592463710000749e-10
2.5164272055728165e-10
6.509554010280516e-10
-8.097623189499615e-10
-4.8333607222789e-10
5.671984989373895e-10
2.2892600677829317e-10
1.8471886750005576e-10
-1.1416529104132034e-09
