0.10162908826516265

2.491183307997989e-13
-4.7236076679453565e-06
-0.002801559877043957
0.002204544087782616
-1.1628487747837198e-05
5.591330245433185e-05
-4.1140564031160376e-05
-1.6218995838517896e-06
5.6568586025083736e-05
-7.971189248666649e-05
2.0839115678528045e-07
-4.093886779704849e-07
3.466743398265628e-07
-1.4544055956722226e-07
-2.9068367225139963e-07
3.504088288800264e-07
1.5733273728660572e-07
-2.659168259895753e-07
-2.1936091241854333e-07
5.758392511405412e-07
-5.071812858286256e-10
9.278123233828739e-10
-7.77123141594516e-10
3.9083837538346854e-10
5.643376877019002e-10
-7.858695655974833e-10
1.201997291044141e-10
2.216444220269559e-10
6.799830462575198e-10
-8.296435077788629e-10
-5.398032854750276e-10
5.723488281327243e-10
2.2969164803130292e-10
2.1565039694883148e-10
-1.1606182524802536e-09
