0.10167856813952184

1.9642513992978226e-13
3.9261561028031814e-05
-0.0026659544058560414
0.002152202650129283
-1.2474649854883143e-05
5.5220676136160146e-05
-4.1426753456727496e-05
-4.130124248397254e-06
5.758453546018323e-05
-7.988968930582036e-05
2.1439091847829356e-07
-4.091354390383701e-07
3.5086767109358564e-07
-1.3865042158558358e-07
-2.968093509282477e-07
3.55824644829555e-07
1.743839560788751e-07
-2.643029841876947e-07
-2.3034978257425742e-07
5.815395587640355e-07
-5.211063150800409e-10
9.33585462593538e-10
-7.891025638758725e-10
3.726517798305434e-10
5.901818377684193e-10
-8.004699119127787e-10
1.2091215644472852e-10
1.9791728386485604e-10
7.062876918136177e-10
-8.455410487090194e-10
-5.836739084259294e-10
5.758281579200211e-10
2.2824163979550016e-10
2.388409964846032e-10
-1.176222505944901e-09
