0.10172759611408913

1.8426202941088828e-13
4.9335443241519376e-05
-0.002634073177203402
0.002139620224611839
-1.2664484265368585e-05
5.503504957714116e-05
-4.147830073987926e-05
-4.704857718378544e-06
5.7817741374930555e-05
-7.994277939813299e-05
2.157171352915438e-07
-4.08955935126249e-07
3.5184614202837306e-07
-1.3681547258576089e-07
-2.9843630126607157e-07
3.570485791656291e-07
1.7820296384887688e-07
-2.638687035069034e-07
-2.3279653840030746e-07
5.829127912593177e-07
-5.241791190931068e-10
9.347653565425714e-10
-7.919693315142699e-10
3.679002774543849e-10
5.965218633480055e-10
-8.04011515301909e-10
1.205101909046482e-10
1.9257367212655412e-10
7.128613887518337e-10
-8.492276093368097e-10
-5.932949932034544e-10
5.76611497623044e-10
2.2753270269106524e-10
2.439440754137108e-10
-1.1798888461605185e-09
