0.1669135762959036

5.646599154988731e-13
-0.0004715151823516943
-0.002145001207128995
0.0012525853593986615
-1.6674822846826222e-05
5.6236935154335894e-05
-3.941511219740284e-05
-2.6500154020932188e-05
7.962341005028985e-05
-9.011396231311345e-05
2.805081864246398e-07
-4.3695132704430856e-07
3.9585706636829373e-07
-3.934660306101807e-08
-5.208799813588229e-07
4.6708684254431255e-07
3.5679233383040373e-07
-2.6635634813253625e-07
-3.733960278884885e-07
6.94090775156312e-07
-7.039203502160122e-10
1.052039987047074e-09
-9.614759816699333e-10
7.370423976832594e-12
1.2622611532499073e-09
-1.1149992355154135e-09
1.2319681156388913e-10
-4.54349035778076e-11
1.293620076615383e-09
-1.1835178502042065e-09
-1.1005886158743195e-09
7.454078325379485e-10
8.445375462142886e-11
5.262921902138026e-10
-1.4280163195943892e-09
