0.17106775832274634

6.149674003208069e-13
-0.0005227661050326776
-0.0021823471023017346
0.0012196829415619768
-1.660977115407607e-05
5.7163859508645465e-05
-3.99728235598952e-05
-2.6668239179476612e-05
8.058679379633315e-05
-9.014895144890435e-05
2.835332666214628e-07
-4.4339168536609767e-07
3.9948488852765004e-07
-3.948590081332762e-08
-5.291518837344636e-07
4.761016655781798e-07
3.6065040039774953e-07
-2.656670348826132e-07
-3.832106868452723e-07
6.967766221181919e-07
-7.137081065163553e-10
1.0671749594167363e-09
-9.705768660164256e-10
-2.635037095984778e-12
1.2930955406929606e-09
-1.1358187547603886e-09
1.3298097059459076e-10
-5.893278478510743e-11
1.3136406206125189e-09
-1.2056729400266235e-09
-1.1174244625236888e-09
7.524840830862426e-10
7.709194466151996e-11
5.543225103505013e-10
-1.4360399734646822e-09
