0.17793180854776286

7.148592295911382e-13
-0.0006346984128307752
-0.0022570131271970554
0.0011650338167081531
-1.599648575310306e-05
5.888126117255163e-05
-4.1134811831930704e-05
-2.608957307177043e-05
8.147101562023604e-05
-8.941192074364282e-05
2.8512421768532943e-07
-4.5592735229706966e-07
4.050713428644174e-07
-3.996815468967795e-08
-5.40331446016231e-07
4.914122088088973e-07
3.586642421078601e-07
-2.5905684609674857e-07
-3.9972302727704256e-07
6.96273394021433e-07
-7.235371097784993e-10
1.0964651992835327e-09
-9.83618544068571e-10
-1.7020553141541123e-11
1.3412740577991701e-09
-1.1711464064861694e-09
1.4705173477081653e-10
-8.007323133397593e-11
1.339104721921245e-09
-1.241747283317809e-09
-1.1203083472737264e-09
7.506925478327805e-10
5.861010530557009e-11
6.103709102225358e-10
-1.440885434428945e-09
