0.1786458589265375

7.267225171629568e-13
-0.0006486269453967038
-0.0022649761504188195
0.0011582748603476065
-1.5884487784216006e-05
5.905765414383255e-05
-4.12787726343408e-05
-2.5943730066391807e-05
8.148890844055933e-05
-8.923584070120388e-05
2.8493811674885426e-07
-4.5734231077575227e-07
4.056134380949802e-07
-3.988271586269283e-08
-5.412695889946372e-07
4.930458758469692e-07
3.5753833876351186e-07
-2.57716576665094e-07
-4.015559872983092e-07
6.956479412441659e-07
-7.238954119137761e-10
1.099855640681797e-09
-9.847880054999818e-10
-1.864156633642005e-11
1.3461364222195492e-09
-1.1750174063092659e-09
1.4803867665052955e-10
-8.225820045552408e-11
1.3411240802783078e-09
-1.245465289701768e-09
-1.1177809999127001e-09
7.489546587721849e-10
5.5916399177947463e-11
6.175173597392598e-10
-1.44045981934904e-09
