0.045626630144207064

-3.34490835009931e-13
0.0010473296411360677
0.0010469509854354366
-0.0012865512029301839
-2.4560259626057678e-05
-1.0121536826777313e-05
-4.1966231966163494e-07
-3.010597289944598e-05
4.448502493734803e-05
-1.425136138392942e-05
1.7045413363081104e-07
2.078646597813325e-09
9.055453826954601e-08
1.6099402096694556e-07
-2.280040792512947e-07
9.379993666690332e-08
2.0425619547914075e-07
-9.429972181005435e-08
-2.955916309635285e-07
2.3934956362169745e-07
-3.68377166405316e-10
9.251831742340029e-11
-2.7685753734931577e-10
-3.116137570613849e-10
5.425560951528286e-10
-2.977709408180602e-10
-2.565978083962461e-10
-4.549357852698844e-11
6.65728916487639e-10
-3.366015564887528e-10
-4.663814377513523e-10
1.4669711439735435e-10
2.394730786359954e-10
5.19672525207422e-10
-6.081469092815481e-10
