0.05461582672156387

-1.5854543961823997e-13
0.0008774822416141081
0.0007898133100250472
-0.0012844740478037537
-2.427413628087606e-05
-6.083746253729521e-06
-2.3516145771757753e-07
-2.8656906844308757e-05
4.7569012269810105e-05
-1.5796904121778115e-05
1.7468846654251296e-07
-1.7186191855259077e-08
8.99823173673179e-08
1.4592210134344795e-07
-2.446600336572758e-07
1.0135095328687048e-07
2.0136151541077505e-07
-1.0483668674749988e-07
-3.115457212280253e-07
2.5649600859135994e-07
-3.83772730145448e-10
1.2271484702431662e-10
-2.8085964461782386e-10
-2.7619981817312613e-10
5.773399177219504e-10
-3.032110754448166e-10
-2.433123488873467e-10
-1.1527788069100065e-11
6.85332858185584e-10
-3.608964777088301e-10
-4.6375236730166124e-10
1.4793676963791734e-10
2.68733043844867e-10
5.46812586779362e-10
-6.486921258415654e-10
