0.05761336762384278

-9.987908149275971e-14
0.0008208453680205295
0.0007040910991660765
-0.0012837941500837126
-2.4178601996118558e-05
-4.737690913616408e-06
-1.735147266885268e-07
-2.81738886926154e-05
4.859709166762264e-05
-1.6312066419560297e-05
1.7609925202074218e-07
-2.3608182762036765e-08
8.979126652471053e-08
1.4089783526966872e-07
-2.502125652559459e-07
1.0386746797698024e-07
2.0039689866597298e-07
-1.0834925480546406e-07
-3.1686385116998764e-07
2.6221165573453123e-07
-3.8890342263085896e-10
1.3278045637807666e-10
-2.821936714903669e-10
-2.6439420247371996e-10
5.889349691616017e-10
-3.050237730095941e-10
-2.388840160136245e-10
-2.054322325263663e-13
6.918686196699411e-10
-3.68994347268269e-10
-4.628766907350311e-10
1.4835028140260973e-10
2.7848661760404e-10
5.558590247050979e-10
-6.622076398923484e-10
