0.09685957618062585

8.904504023645414e-13
-0.0003103550553779859
-0.0008499567387285305
-0.0009901882307869053
-1.6390588851772797e-05
1.7843424595755892e-05
-4.86213057923589e-07
-1.323680069261579e-05
5.3554986873646024e-05
-2.0826210957491666e-05
1.5733680793641905e-07
-1.253344687905845e-07
7.563921414993017e-08
3.725290463449282e-08
-2.9116681426848384e-07
1.3388810697390607e-07
1.3335259500646676e-07
-1.3195145292213302e-07
-3.3223668491382817e-07
2.914706346165872e-07
-3.8254757731065825e-10
2.8172526180244677e-10
-2.585477574863078e-10
-5.097937081139689e-11
6.763357449052523e-10
-3.0655923832955197e-10
-1.1585380605064562e-10
1.551831045552223e-10
6.652567013727802e-10
-4.429374101891762e-10
-3.3330260944878883e-10
1.3137838289427747e-10
3.3013141205405056e-10
5.969279252652537e-10
-7.206659315030918e-10
