0.10550021499612627

1.1374328834855117e-12
-0.0005910690727558779
-0.0012510174164345321
-0.0009048732943594647
-1.4028559788384463e-05
2.333126232858797e-05
-1.0018780109446073e-06
-8.49632153698815e-06
5.370515044175976e-05
-2.1028388272638798e-05
1.4944885634267103e-07
-1.5037269114949595e-07
7.215046141024535e-08
1.0617745963374745e-08
-2.9481390858762743e-07
1.4114669586480102e-07
1.0799632381534037e-07
-1.3351712596554712e-07
-3.3299305436535335e-07
2.9092015853358645e-07
-3.737244608373114e-10
3.185756322777466e-10
-2.4946682934203005e-10
2.8868495805821897e-12
6.851118107403334e-10
-3.070681512126936e-10
-8.390367528099827e-11
1.9101750779285765e-10
6.429712120447676e-10
-4.5697370021337524e-10
-2.7896887435220816e-10
1.2048050321873772e-10
3.3488389759776326e-10
6.101214329084861e-10
-7.19062435700223e-10
