0.11083618617021906

1.3260292574179628e-12
-0.000795986396634158
-0.0015693164726360417
-0.0008371109320804909
-1.1832652491757358e-05
2.7379264707533494e-05
-2.213674803832253e-06
-3.5227909588613283e-06
5.266587171380396e-05
-1.9719626156708313e-05
1.4032833047439064e-07
-1.705252947673496e-07
7.079401709470865e-08
-9.95953579882874e-09
-2.893577557912248e-07
1.4792934992818643e-07
7.617320279447166e-08
-1.281299799517898e-07
-3.3427806530837285e-07
2.8092466167938186e-07
-3.6027989099195876e-10
3.505299709028079e-10
-2.4102533221175386e-10
4.5075153102862586e-11
6.77258119486184e-10
-3.112116798600851e-10
-6.035356606252097e-11
2.1458640723730833e-10
6.074304003313549e-10
-4.658252145340814e-10
-2.0384409162423648e-10
9.863916996074236e-11
3.307882946166285e-10
6.374016845426142e-10
-7.009783600773512e-10
