0.11637619244083797

1.6783024950589938e-12
-0.0010902851032733164
-0.0022688867123543603
-0.0006939532395091594
-6.792380051695493e-06
3.323313198202646e-05
-6.112705074819755e-06
1.1795182319404997e-05
4.727388026992039e-05
-1.324387534474423e-05
1.1212863152727722e-07
-2.0222695133457765e-07
6.987742554789228e-08
-4.249462076939821e-08
-2.5409374259648234e-07
1.5541361724602655e-07
-3.8031017124806024e-08
-1.0404755424279902e-07
-3.305102331629413e-07
2.3473858528830106e-07
-3.06210962680562e-10
4.0177545660954665e-10
-2.1527461019452006e-10
1.2454938676056858e-10
5.943027958079806e-10
-3.175850502116401e-10
-5.144177216500357e-11
2.8206519981352724e-10
4.781691558854099e-10
-4.5702010144116216e-10
9.244652250418407e-11
1.8002786608147544e-11
3.0874936863393886e-10
7.136187457024169e-10
-6.171265342286682e-10
