0.10700984593638255

1.6263112480730837e-12
-0.0008437204019675618
-0.002484876316699543
-0.0005989382262119957
-6.288548730623007e-06
2.7583185374637732e-05
-4.064666886198756e-06
2.159646928668131e-05
4.320099233083782e-05
-1.1794640442612469e-05
9.214719335448793e-08
-1.660750939401496e-07
5.9437861043739264e-08
-1.9663473885426215e-08
-2.2821379294885445e-07
1.1613257434022325e-07
-1.2878415919729863e-07
-1.0825782280706701e-07
-2.860191822334448e-07
2.156423175077243e-07
-2.435797851590862e-10
3.2416121242864494e-10
-1.8188818876645622e-10
1.2814056452285598e-10
4.482695807592079e-10
-2.5691784476159646e-10
-1.7718716417623641e-10
4.1003817489799033e-10
3.9412349373111687e-10
-3.5804054492296217e-10
3.745766799924066e-10
-1.781593802636312e-11
3.205358971798618e-10
6.116146347676733e-10
-5.704955821922004e-10
