0.08771588732349869

1.313209142243229e-12
-0.00027758926935617426
-0.0024027624794244603
-0.0004910057671376336
-7.804799358927642e-06
1.4760879641374043e-05
1.2138757990295268e-06
2.9177959272345333e-05
3.877445500894102e-05
-1.3486884582279283e-05
7.139740235139832e-08
-9.062842055385372e-08
4.588896031529042e-08
4.0733644956761094e-08
-2.0707472935917063e-07
4.8370238755147626e-08
-2.1857765048097057e-07
-1.224967295126763e-07
-2.1173581498714646e-07
2.122574982729981e-07
-1.6351683858837566e-10
1.759250042243041e-10
-1.4917162887459253e-10
8.648928158490166e-11
2.5768276254902336e-10
-1.6011990905722723e-10
-4.0250884370104795e-10
5.849957676719819e-10
3.3427540722411564e-10
-2.0252747678559322e-10
6.94098602894144e-10
-4.446212096458365e-11
3.3905925251083746e-10
3.963341267504118e-10
-5.441763042968719e-10
