0.07650331936886806

1.1059467780807267e-12
-6.556059711915792e-06
-0.00226964201570622
-0.0003946049654329315
-8.003611071820868e-06
7.68741080825955e-06
4.415826598706613e-06
3.197516060270009e-05
3.563447831943074e-05
-1.5584572774057125e-05
5.599910918765588e-08
-5.074987013302854e-08
3.9352412305470236e-08
7.703276888905358e-08
-2.0082503739565547e-07
1.1544524402104302e-08
-2.6016267035309375e-07
-1.2463202249074164e-07
-1.6409454502900845e-07
2.1512814532314663e-07
-1.126762959067306e-10
1.0083874696833828e-10
-1.3708819583073776e-10
5.920550029844418e-11
1.6840527752953373e-10
-1.095355319788248e-10
-5.294557759457914e-10
6.744614464710849e-10
3.166856402620949e-10
-1.2011689212109886e-10
8.562731262326274e-10
-6.546754524360371e-11
3.3189296204336233e-10
2.57624836906466e-10
-5.347226049150226e-10
