0.0577669544437282

6.525708273470101e-13
0.00017237395098158485
-0.0016653166400201383
-8.295034963031255e-05
-4.708983083749286e-06
-2.425164212060727e-06
9.585580320067547e-06
3.0639273385479323e-05
2.6936894917579438e-05
-2.3037359391784165e-05
1.1505208222883341e-08
-5.311785200292823e-09
3.7208960287786584e-08
1.4579462124440388e-07
-2.1483331687904837e-07
-3.540974916495634e-08
-2.9522752590938595e-07
-9.178396150776598e-08
-6.738168857770659e-08
2.3618348840269814e-07
-1.4938279611110847e-12
3.57738491978846e-11
-1.5203539190215263e-10
-2.557563760840021e-12
1.1460196484239308e-10
-6.04837894733714e-11
-7.324969600975718e-10
7.683552797227664e-10
3.5887848196416736e-10
-2.287833737779367e-11
1.0624753511682115e-09
-1.4517976344437847e-10
2.2735304003885453e-10
-1.3238904144238647e-11
-5.376250099217892e-10
