0.056977321161399

6.080682839081054e-13
0.00012461673796830615
-0.0015573400925428104
-3.569986279430167e-05
-3.69120609551653e-06
-2.812258154616499e-06
9.934308591190179e-06
2.9576284034844814e-05
2.5662915058552822e-05
-2.4305813772352816e-05
4.320389201185158e-09
-6.269999409709515e-09
3.8864965026575873e-08
1.5312396844658116e-07
-2.2174923224962445e-07
-3.552722559903592e-08
-2.927210135026104e-07
-8.190755089620879e-08
-5.738570131337008e-08
2.407149568827558e-07
1.2135670994112689e-11
4.330023707953776e-11
-1.6035802542608062e-10
-1.2401969616986282e-11
1.3199447378227188e-10
-6.571599934197443e-11
-7.47208101172838e-10
7.651544353393122e-10
3.778752222290569e-10
-2.4952331597033766e-11
1.069417832242135e-09
-1.600035870608941e-10
1.9986410689448168e-10
-3.864351665743407e-11
-5.412884111029647e-10
