0.07808199778052866

5.53633808694341e-13
-0.001143498041021456
-0.0005272021376088194
0.0003336416610628255
1.149798898663508e-05
4.267933672716771e-06
1.0450739516271021e-05
1.3287493551990232e-05
1.5379624842754597e-05
-3.828197618736743e-05
-6.995771221645139e-08
-8.62722022969909e-08
7.110172080260993e-08
2.0542883301288608e-07
-3.558910544857424e-07
3.1768032670078064e-08
-2.0846799667204846e-07
5.5841635449693614e-08
-7.50149128725072e-09
3.005800692876029e-07
1.1357933201499199e-10
2.724065523164051e-10
-2.981071533515269e-10
-1.4687631614421383e-10
5.857471156899117e-10
-2.5269302394372026e-10
-7.60918580825469e-10
5.880612195138401e-10
7.196561479901174e-10
-2.1615206735048918e-10
9.421343716589527e-10
-3.139722624911447e-10
-1.90250542988957e-10
-1.3101093709333998e-10
-6.12997701104513e-10
