0.09023762437309704

7.440967827292256e-13
-0.0024419869755309387
-0.0005507753275234133
0.0011956946110643115
2.876141280720747e-05
2.2424379888264232e-05
3.3584715268916957e-06
1.3084018023127372e-05
5.819950111559475e-07
-4.7862272921509126e-05
-1.494082625092047e-07
-2.139995250706149e-07
1.0633367423855505e-07
1.509963877312859e-07
-3.902667890554803e-07
1.0224887739692617e-07
-2.092081215739996e-07
1.6432420635811427e-07
6.045167152458294e-08
3.1562829999527806e-07
2.2975960365156955e-10
5.550502311901506e-10
-3.900266119827589e-10
-4.5258351652283093e-11
7.823906674787704e-10
-3.85702792736628e-10
-6.294136849727069e-10
4.867411481810663e-10
7.757983620012246e-10
-3.602640930359888e-10
9.643979752467782e-10
-4.534312943118718e-10
-4.828618787432668e-10
-2.124265878858678e-10
-5.926399293411454e-10
