0.08430472365365113

7.150064270072055e-13
-0.0025544419773786105
-0.0006882159178149998
0.0015158549547801966
3.147376007535088e-05
2.7278010379306896e-05
-3.8589319744768606e-07
1.555664933501806e-05
-3.5789297288605393e-06
-4.894546277086182e-05
-1.6186766430887237e-07
-2.454463969794283e-07
1.1738994503848396e-07
1.1625204700823395e-07
-3.6219117706111043e-07
1.130319059373721e-07
-2.2228722742825765e-07
1.7518688939384521e-07
7.921927498478967e-08
3.104070416795894e-07
2.510156727145943e-10
6.162427663932519e-10
-4.014995763737247e-10
3.91230639391565e-11
7.272168189509793e-10
-3.9022312964129784e-10
-5.744236686283709e-10
4.826777054372268e-10
7.03682999363884e-10
-3.6588075121007783e-10
9.893658327354444e-10
-4.757790038176626e-10
-5.006929163883423e-10
-2.3540606937014067e-10
-5.727685387589075e-10
