0.06486803523682164

6.227128079627108e-13
-0.002699361987920596
-0.001110260198057336
0.002305749509297162
3.63680552226977e-05
3.984671339183579e-05
-1.0535872237893639e-05
2.2081222627047857e-05
-1.2918027874976098e-05
-4.9938899476247725e-05
-1.8179636242714592e-07
-3.218847119648864e-07
1.419888642258787e-07
1.139295262388545e-08
-2.68783747545207e-07
1.3561680861503706e-07
-2.493319680251233e-07
1.8618536229622027e-07
1.170366320528971e-07
2.897274976621799e-07
2.846998810074858e-10
7.547984632168184e-10
-4.1373667544330494e-10
2.872291350802931e-10
5.314999720946294e-10
-3.7629682262215017e-10
-4.019204134987022e-10
4.727482026945969e-10
4.700075976426706e-10
-3.6279590105812465e-10
1.0163015970275438e-09
-5.116038011965684e-10
-4.913476755813311e-10
-2.741710906597419e-10
-5.140347642179688e-10
