0.05734065822610429

6.051318959709197e-13
-0.002747388757035772
-0.0013180727761064658
0.0026040649455335136
3.815837901333363e-05
4.4750555203033826e-05
-1.4430230795624287e-05
2.5371946505192733e-05
-1.6480051331622636e-05
-4.9841272294114535e-05
-1.8916986852907135e-07
-3.5032289018063034e-07
1.4996031622600428e-07
-3.1223809320830416e-08
-2.2954659526751616e-07
1.427175627926884e-07
-2.645368050166401e-07
1.882934658774535e-07
1.313461761636752e-07
2.78834557971671e-07
2.978809112189522e-10
8.037843381216675e-10
-4.1344505934156865e-10
3.874878784891405e-10
4.4570016573939703e-10
-3.660377837338492e-10
-3.3411464980411363e-10
4.746781160955167e-10
3.6964329947650086e-10
-3.567250179174999e-10
1.0368332175010457e-09
-5.24239110250142e-10
-4.810359692956771e-10
-2.8689606887083134e-10
-4.86347374914466e-10
