0.05063444011686627

5.795535769974949e-13
-0.002759786812949585
-0.0015100428965520748
0.002870220722017565
3.927911086569032e-05
4.923730861155125e-05
-1.8259315533095213e-05
2.8024201034311124e-05
-1.9054066529654826e-05
-4.997869562059586e-05
-1.9207933934575223e-07
-3.76693004884434e-07
1.5927668798805375e-07
-7.058925630150473e-08
-1.941137418410838e-07
1.510954843912548e-07
-2.742999580626579e-07
1.8647902616909406e-07
1.4049905692830574e-07
2.7176905675776655e-07
3.022128745435372e-10
8.49867839336931e-10
-4.170828291720284e-10
4.786833002736214e-10
3.6829473475612883e-10
-3.606923341543296e-10
-2.692945722792893e-10
4.737066589542493e-10
2.812612623674622e-10
-3.5561876356405384e-10
1.0414462669403113e-09
-5.272666681128408e-10
-4.6461690178207826e-10
-2.9211380380968863e-10
-4.681183414791197e-10
