0.04852954390549449

5.641636379290811e-13
-0.0027451286679083193
-0.0015852180425422282
0.0029679088796742007
3.92596278340823e-05
5.120390672899675e-05
-2.008001575797804e-05
2.8492762471346763e-05
-1.933638606743583e-05
-5.031547191775066e-05
-1.8919535149654148e-07
-3.885518955999815e-07
1.6515040763914127e-07
-8.729007007821652e-08
-1.8142027486941816e-07
1.5740335015494604e-07
-2.717508364943968e-07
1.8232865852613522e-07
1.395518829160403e-07
2.721485191926082e-07
2.9512946062656147e-10
8.715472462395187e-10
-4.231033423181089e-10
5.138951486323489e-10
3.432793696115635e-10
-3.6439967538978105e-10
-2.369561732415946e-10
4.668874645625696e-10
2.5204684715257064e-10
-3.6234587479313027e-10
1.0216932686045173e-09
-5.187119824636398e-10
-4.5271450566499675e-10
-2.861080309557277e-10
-4.683927231661405e-10
