0.042927669254056416

4.321684063958215e-13
-0.002452196965055392
-0.0017899963126885928
0.003198530090953919
3.5263232045275516e-05
5.619375895514692e-05
-2.667693035234611e-05
2.6727502642842577e-05
-1.523966275065165e-05
-5.328418107103972e-05
-1.5287292477500887e-07
-4.19857702404187e-07
1.9464885613055853e-07
-1.3611678212771531e-07
-1.4846895636550835e-07
1.8558752963582506e-07
-2.299632924539447e-07
1.4048882385298444e-07
1.1363693666575484e-07
2.9438547175710845e-07
2.1993651383285516e-10
9.312520760742033e-10
-4.649753217302387e-10
6.05469973053828e-10
2.755344341338916e-10
-3.9761074612693194e-10
-1.2536690525480996e-10
4.2704195810844494e-10
1.9420540484800383e-10
-4.06374946310024e-10
8.495805394931426e-10
-4.232334426797556e-10
-3.679576495254784e-10
-2.4115593216737744e-10
-5.176306477735635e-10
