0.09749091098883628

5.019469627621239e-13
-0.00041811124014674985
-0.0032870765467009335
0.00249289715560241
-3.662850551564591e-06
5.741328957178093e-05
-3.678703751892196e-05
1.1873271610113632e-05
4.591023089467998e-05
-7.754531513918107e-05
1.468289192521445e-07
-4.0023003598002956e-07
3.097786076174494e-07
-1.62285372237881e-07
-2.619966725612201e-07
3.037854244005029e-07
4.5188474281652384e-08
-2.389223404873722e-07
-1.3178414732138568e-07
5.298143850294598e-07
-3.7232559226598296e-10
8.799840896729263e-10
-6.916464268917216e-10
4.669942196790257e-10
4.355543549532219e-10
-6.781714543331659e-10
6.529727295341197e-11
3.6242766253477316e-10
5.428065463206789e-10
-7.094591775829563e-10
-2.0592358572908086e-10
4.726592264219229e-10
1.7522641835354918e-10
3.797585242325498e-11
-1.0380688834240367e-09
