0.10042684282758257

4.883847817606751e-13
-0.00031646896846125133
-0.0032938698725442617
0.002430793146126936
-5.785400370611725e-06
5.749918546297942e-05
-3.773480969461375e-05
9.97651201139243e-06
4.9208207385676354e-05
-7.843305576196659e-05
1.63857428085917e-07
-4.019006383651424e-07
3.180360427598291e-07
-1.618798044342152e-07
-2.695418611307881e-07
3.1437868932370735e-07
6.653730620193536e-08
-2.539886542753633e-07
-1.515086170338503e-07
5.421654369763717e-07
-4.0813313018261325e-10
8.862935251202924e-10
-7.092547301513617e-10
4.5326874432668736e-10
4.590941886467923e-10
-7.024284445953293e-10
8.045521046421982e-11
3.421899949170997e-10
5.707495050684837e-10
-7.361847405648526e-10
-2.788949131433542e-10
5.134735382966228e-10
1.9817968824733265e-10
7.343244383221392e-11
-1.068517445915063e-09
