0.10188225296555972

4.0937572877881976e-13
-0.00017000719797600396
-0.003169479663437619
0.0023507386304865985
-8.526668693049733e-06
5.7279519608453275e-05
-3.9423589711841206e-05
5.884864262111531e-06
5.2902453213123514e-05
-7.933571114692311e-05
1.8537473696199734e-07
-4.06102872957393e-07
3.312964331342073e-07
-1.5877434133643236e-07
-2.7759386337612373e-07
3.3053052024849577e-07
1.0250226689463476e-07
-2.657056717618933e-07
-1.8034158212048997e-07
5.581897677833304e-07
-4.547876849892947e-10
9.036194854760929e-10
-7.385088506524649e-10
4.330217419584519e-10
4.961929797674626e-10
-7.388269642684332e-10
1.0182180709448513e-10
2.983313478324063e-10
6.117369119403062e-10
-7.764176200174412e-10
-3.8940655696331857e-10
5.519980468453979e-10
2.202328334692126e-10
1.3108233847705429e-10
-1.1102636486171711e-09
