0.10186909681476938

3.395292112461169e-13
-8.68874485331941e-05
-0.0030214331773287056
0.002288246186156706
-1.0075016346133219e-05
5.685029718267086e-05
-4.040264863945962e-05
2.599608339042136e-06
5.4769244143589416e-05
-7.953304974181604e-05
1.9713222213974554e-07
-4.085153925049613e-07
3.390339137780784e-07
-1.544343257681293e-07
-2.825727173628253e-07
3.404431086021244e-07
1.2765785610711195e-07
-2.676219555720513e-07
-1.9926741559660202e-07
5.666135756516782e-07
-4.81232268960053e-10
9.159864772288166e-10
-7.56806945214686e-10
4.167299020256677e-10
5.247116332341353e-10
-7.612612497418638e-10
1.1356989597243156e-10
2.634715723292617e-10
6.403718268081199e-10
-8.019357863186268e-10
-4.609140541182006e-10
5.649629317117209e-10
2.2808656226973654e-10
1.7213719460359003e-10
-1.134315540681613e-09
