0.10162904557418237

2.3560678194741656e-13
6.580008214014805e-06
-0.002766982052738659
0.002191291829154236
-1.184722640638898e-05
5.574430349202048e-05
-4.121885988778283e-05
-2.266430175174046e-06
5.682949514571458e-05
-7.975341628116195e-05
2.099488804715846e-07
-4.0936421231635647e-07
3.4774615249014577e-07
-1.4378879177709598e-07
-2.9218315863247763e-07
3.5180642542136223e-07
1.6174359366104593e-07
-2.65523536944123e-07
-2.2220842012128492e-07
5.77281326890306e-07
-5.107987509946727e-10
9.293439075475293e-10
-7.801605932785753e-10
3.8635973383112437e-10
5.708389219004393e-10
-7.895564718585149e-10
1.2057120219999571e-10
2.1551675630787154e-10
6.865598696300026e-10
-8.337140789958296e-10
-5.512198696882921e-10
5.73247109688222e-10
2.294448157463022e-10
2.2167979182111598e-10
-1.1645970505815543e-09
