0.1016290431127699

2.0858148723066772e-13
2.9194722445807915e-05
-0.0026978287948905095
0.0021647875263103443
-1.228488132506116e-05
5.540628299717966e-05
-4.137528516468357e-05
-3.5554393224308387e-06
5.735130767790801e-05
-7.983656229508423e-05
2.1306514809733366e-07
-4.0931517031705244e-07
3.4988945143062005e-07
-1.404850870291679e-07
-2.9518204190076355e-07
3.5460079140350704e-07
1.7056508397708194e-07
-2.6473724695568535e-07
-2.2790314752789029e-07
5.801661392870975e-07
-5.180345446131133e-10
9.324058467521758e-10
-7.86235856674473e-10
3.774039442423252e-10
5.838412709003024e-10
-7.969286526284881e-10
1.2131322304956737e-10
2.0326020758565103e-10
6.997137657981332e-10
-8.418543042779709e-10
-5.740529431495281e-10
5.750447315499309e-10
2.2895141447805458e-10
2.337378237352349e-10
-1.172555913357812e-09
