0.10602380456329144

7.66138086559959e-14
0.00013730472294164168
-0.002293764713540898
0.001971291288219949
-1.4866850132550114e-05
5.2777839172930336e-05
-4.15317581607965e-05
-1.1507444440428353e-05
6.150764258996233e-05
-8.165793822546435e-05
2.323671870446825e-07
-4.057622333524514e-07
3.641832599537681e-07
-1.0950021500700829e-07
-3.2996587531838063e-07
3.734078316094457e-07
2.2452235646039745e-07
-2.619088645485271e-07
-2.614646598946794e-07
6.058603845943035e-07
-5.631279893341699e-10
9.475945711618158e-10
-8.313813178960302e-10
2.9518034508926664e-10
6.963775954345441e-10
-8.558247385604512e-10
1.0569038614311435e-10
1.342995394842919e-10
8.16758337535388e-10
-9.01311179730753e-10
-7.099497132504313e-10
5.982480524415025e-10
2.116328558227732e-10
2.9700808521906285e-10
-1.2344333676335462e-09
