0.16603355790611757

5.543623176688145e-13
-0.00046182514531735604
-0.00213695045650407
0.0012597147147374083
-1.667617773103972e-05
5.606171372514e-05
-3.930932116182652e-05
-2.6464140954407793e-05
7.940606231969309e-05
-9.00901151657199e-05
2.7981572425773823e-07
-4.35733766186285e-07
3.950946850820283e-07
-3.9428464268861826e-08
-5.19060117499483e-07
4.6525463322279136e-07
3.5596478987827076e-07
-2.6635940444073233e-07
-3.713952134522227e-07
6.934334470147619e-07
-7.018013346874036e-10
1.0491323542128017e-09
-9.595407676233123e-10
9.703445762249984e-12
1.2558167374344229e-09
-1.1106564857475477e-09
1.2141186422453398e-10
-4.278742079970612e-11
1.2892184799201414e-09
-1.17896379983032e-09
-1.0970141692279107e-09
7.436003935058404e-10
8.590065080198697e-11
5.207498172971727e-10
-1.4261905719032204e-09
