0.17031122133256893

6.05269117376588e-13
-0.0005116816282079199
-0.002175758978213317
0.0012254328564042522
-1.6640100786883156e-05
5.696317435931163e-05
-3.9852726159046384e-05
-2.6638177099577318e-05
8.043122480243456e-05
-9.01671216052117e-05
2.830586312861459e-07
-4.41997637231363e-07
3.988142503876423e-07
-3.9293449410920294e-08
-5.277453480482806e-07
4.7434290771243037e-07
3.59962752793589e-07
-2.66007569505603e-07
-3.8130498524939497e-07
6.964191782485964e-07
-7.11991890407623e-10
1.0639691106122292e-09
-9.68927130190816e-10
-1.1324515004195376e-12
1.287344254525331e-09
-1.1319247462219057e-09
1.3076656843383404e-10
-5.615472445281789e-11
1.3102316761517696e-09
-1.201425658595755e-09
-1.1143685838335142e-09
7.516573620196516e-10
7.860340283911626e-11
5.486216439799624e-10
-1.434766246256958e-09
