0.18256556717538452

8.134491237978531e-13
-0.0007450595306879398
-0.0023451352741829913
0.0011254204250340492
-1.4949063415195994e-05
6.029925094800894e-05
-4.212013127561288e-05
-2.4278239063526523e-05
8.115622112719213e-05
-8.772139216310755e-05
2.817392582430865e-07
-4.6598436740599963e-07
4.0713465015460315e-07
-4.171963959606206e-08
-5.43414831849039e-07
5.010742718012407e-07
3.4480217890378747e-07
-2.4874519807935465e-07
-4.105856401555402e-07
6.882295141721304e-07
-7.214212725317748e-10
1.1185952838055469e-09
-9.867133348763541e-10
-2.1912831759714635e-11
1.3656088441542923e-09
-1.1927621739090511e-09
1.5474290349090313e-10
-8.98598470260079e-11
1.3419088705300535e-09
-1.2622675962239946e-09
-1.086784315054415e-09
7.333076637463851e-10
4.090037543121655e-11
6.591449448929387e-10
-1.4305249157987655e-09
