0.19276017354807296

1.0359110562876482e-12
-0.0009708432285388536
-0.002600719615231583
0.0010695405043774885
-1.2719894241599259e-05
6.413396939183852e-05
-4.531363613752822e-05
-1.935909392257037e-05
8.053381557686011e-05
-8.393444808414222e-05
2.76039271434566e-07
-4.932647793856648e-07
4.15817655178313e-07
-5.04558763058763e-08
-5.457328984735865e-07
5.264269010278858e-07
3.09289454129549e-07
-2.2788971703559658e-07
-4.3738484947005334e-07
6.704655418601215e-07
-7.205746993268935e-10
1.1780113648986738e-09
-9.988670811589755e-10
-2.1990696208844e-11
1.4091255137031237e-09
-1.2478654902994064e-09
1.7846733765332057e-10
-1.1037709429090182e-10
1.3373088915281519e-09
-1.3131952726452893e-09
-1.0045046848713557e-09
6.982374633832585e-10
6.358550867517537e-12
7.781746523857115e-10
-1.4089922595755619e-09
