0.19930353028778808

1.1911081938850705e-12
-0.0011228053740526482
-0.0028016182493928593
0.0010475999732397665
-1.1283608443315064e-05
6.726155313159079e-05
-4.777795937462894e-05
-1.5890701303632556e-05
8.018002576971664e-05
-8.133037034972644e-05
2.7329757748693043e-07
-5.141225308717443e-07
4.2198290935868255e-07
-6.136025373733127e-08
-5.439556902125846e-07
5.443786930399712e-07
2.863007390768826e-07
-2.1584099466436774e-07
-4.5628169089834075e-07
6.580142088764446e-07
-7.225297139663501e-10
1.2212943433750333e-09
-1.0060982103363368e-09
-1.2156727707378473e-11
1.4315774176873432e-09
-1.2833476610125237e-09
2.0427167899395256e-10
-1.2491154284530673e-10
1.3255321355126977e-09
-1.3478576089493965e-09
-9.559383134486395e-10
6.776634071009024e-10
-1.0878432366706026e-11
8.60703628427126e-10
-1.3937564788537194e-09
