0.20042190013680172

1.4352252131076932e-12
-0.0014184138564738741
-0.0030372080237951
0.0009892731529073577
-7.990125585361946e-06
7.029251369960443e-05
-4.6994499952648926e-05
-1.033113709673672e-05
7.620846516489808e-05
-7.46526954010429e-05
2.5193239625455915e-07
-5.218013373118027e-07
3.983061325211642e-07
-8.660607894847378e-08
-5.190504309904e-07
5.34246050586127e-07
2.4482779500699093e-07
-1.937703248982281e-07
-4.536944609841373e-07
6.131502259862261e-07
-6.834366902650488e-10
1.2168711175534105e-09
-9.471423935839227e-10
3.5487105001447057e-11
1.3941018682101036e-09
-1.2376546130793858e-09
2.44287220562631e-10
-1.1234042328376732e-10
1.2376548655592097e-09
-1.3159077802461147e-09
-8.532243094977302e-10
6.094473782622342e-10
-1.4858625783836176e-11
9.021767418519847e-10
-1.3104879072523615e-09
