0.024253732870688466

-3.5097588797048147e-13
0.0006769009782400473
0.0009028192406107493
-0.0007321685771292798
-1.3608427921583806e-05
-8.644161036822976e-06
-2.0098993056362767e-06
-2.0080616798190015e-05
2.3412376952920235e-05
-8.702222170212194e-06
9.501722260913177e-08
4.7558665024631794e-09
6.808568509004131e-08
1.1795952132975756e-07
-1.3854628289746023e-07
6.797096945208826e-08
1.2876959155244802e-07
-3.3551973106411925e-08
-1.655068173020193e-07
1.3587078455908505e-07
-2.065077306520745e-10
6.933000782239932e-11
-1.9477625925285502e-10
-2.469187334127537e-10
3.5440796276930456e-10
-2.2529352240499994e-10
-1.6567900667780684e-10
-8.883228200391725e-11
4.2817202517310244e-10
-2.229852562672185e-10
-2.898986119482072e-10
8.578072269042292e-11
6.526454605863217e-11
3.060925970657008e-10
-3.4053932720242487e-10
