0.04263001820852405

-3.9314216737470027e-13
0.0011039501918517736
0.0011326667943099987
-0.0012872446643270603
-2.4655638364777638e-05
-1.1467530001328026e-05
-4.81210158684969e-07
-3.0588990205112715e-05
4.345707112655859e-05
-1.3736153237048925e-05
1.6904258868203318e-07
8.500251129050066e-09
9.074543572093534e-08
1.6601826291591888e-07
-2.2245163244090746e-07
9.128294701784521e-08
2.05220887962131e-07
-9.07875671874977e-08
-2.9027392863104555e-07
2.3363395435387928e-07
-3.632449953265463e-10
8.245318960637834e-11
-2.755238095655989e-10
-3.2341894498401516e-10
5.309614145275516e-10
-2.9595743600574645e-10
-2.6102640720931296e-10
-5.6816057430382334e-11
6.591933219063326e-10
-3.2850321536723583e-10
-4.672571458607472e-10
1.462833106995702e-10
2.297214987294264e-10
5.106258486642362e-10
-5.946315540542909e-10
