0.08604353127017747

6.045730724153693e-13
2.078886176984882e-05
-0.0003980093545730489
-0.001082886977941045
-1.8887647384708657e-05
1.1333180038705029e-05
-1.8434690750115063e-07
-1.789960229017289e-05
5.269484918621474e-05
-1.991578507552428e-05
1.6437259201806823e-07
-9.591439173194523e-08
7.974541549683685e-08
6.800284264972222e-08
-2.823807209270271e-07
1.250048939962623e-07
1.5542119573243936e-07
-1.2733502610402987e-07
-3.2980528265165617e-07
2.8694423885046414e-07
-3.8781254736656833e-10
2.3852131644927615e-10
-2.6692299027415167e-10
-1.1250947430976656e-10
6.559091077565331e-10
-3.0565743039845495e-10
-1.5449454345835726e-10
1.1415845108632734e-10
6.799431489576367e-10
-4.230613005638559e-10
-3.7644846628415475e-10
1.3807768180960235e-10
3.206413561664422e-10
5.849838412641176e-10
-7.124520483055534e-10
