0.11598046534287612

1.6935348052460438e-12
-0.0010886438469613698
-0.0023223294443476664
-0.0006789340140166986
-6.463803990773343e-06
3.310699072814313e-05
-6.146243079615325e-06
1.3359592353768743e-05
4.665273577153211e-05
-1.2795098222972706e-05
1.0896111334130067e-07
-2.0108665536674234e-07
6.895954146608948e-08
-4.2397671931860793e-08
-2.5035233761059304e-07
1.5276737636063356e-07
-5.1063748150127556e-08
-1.0297393729721627e-07
-3.266765966917194e-07
2.3074937063527647e-07
-2.982705052399136e-10
3.984398325250773e-10
-2.1125737447576208e-10
1.2874130463049848e-10
5.790276342741674e-10
-3.132732979150403e-10
-6.063978500316763e-11
2.953465989060831e-10
4.65067350003944e-10
-4.4891466177168747e-10
1.2986201699730716e-10
1.0965959117419327e-11
3.0795360848153805e-10
7.093541052597479e-10
-6.088142239798066e-10
