0.11143066493962722

1.6772250096987893e-12
-0.0009754642780040939
-0.0024469345831283824
-0.0006281040413948873
-6.068925705141819e-06
3.0466430137205753e-05
-5.212106195947667e-06
1.859918100369307e-05
4.446316214889025e-05
-1.188500336519979e-05
9.821999300635262e-08
-1.839221057868275e-07
6.354415833335015e-08
-3.2134777478817774e-08
-2.3640948891747174e-07
1.3334383690456487e-07
-9.882663463235747e-08
-1.0437625188675055e-07
-3.043197667890454e-07
2.1982166187298372e-07
-2.656151591950609e-10
3.609898728765586e-10
-1.935519456484327e-10
1.328443480445091e-10
5.042041543645328e-10
-2.8281493347216074e-10
-1.2210641045079665e-10
3.602332556309694e-10
4.1951248689425114e-10
-3.992409357400584e-10
2.7672083066905814e-10
-8.926082439656642e-12
3.1318615531451223e-10
6.603205074555647e-10
-5.82894172570278e-10
