0.08399404500184035

1.2455479288055218e-12
-0.00018240644334118278
-0.002363202153648667
-0.0004623415282055003
-7.940904050899846e-06
1.2377506533103194e-05
2.26414255319369e-06
3.018330868102149e-05
3.779867505947353e-05
-1.4105966976302183e-05
6.667330800366038e-08
-7.708251878087897e-08
4.3667878911166396e-08
5.2740136152732936e-08
-2.0462642127821262e-07
3.602774796630736e-08
-2.3282858861916704e-07
-1.2372258791673332e-07
-1.9643551993326514e-07
2.1295748820784925e-07
-1.4726462917837056e-10
1.502048039355916e-10
-1.4478544140967916e-10
7.746584593542084e-11
2.2677731561304875e-10
-1.4305645985715697e-10
-4.4479565642439295e-10
6.152382725062661e-10
3.2750703765506646e-10
-1.747965740945526e-10
7.487064797015354e-10
-5.080209685860122e-11
3.3815848048840554e-10
3.5160667910010616e-10
-5.408769031740014e-10
