0.06093308738190972

7.561489054990015e-13
0.00021906431664305047
-0.0018605627961351442
-0.0001845320039119536
-6.42470237613234e-06
-1.0523917733390825e-06
8.689454618268894e-06
3.206715654545015e-05
2.9582598390811134e-05
-2.0641927103618618e-05
2.564138166924293e-08
-7.889239333818076e-09
3.527032600203206e-08
1.3070920602902037e-07
-2.0562788740125442e-07
-3.049946956601839e-08
-2.9456654092708976e-07
-1.0797185943135117e-07
-9.071096657776913e-08
2.285327858803957e-07
-3.1010993314543974e-11
3.1448650212406024e-11
-1.4015425839445851e-10
1.3126186842440304e-11
1.0018722230048055e-10
-5.962344991663528e-11
-6.949825078122885e-10
7.626500101531859e-10
3.331628792824102e-10
-3.0631391144708705e-11
1.0321386336243628e-09
-1.172677887449611e-10
2.73039086937001e-10
4.806284485159954e-11
-5.33516692783014e-10
