0.0569811047345562

5.708584110943968e-13
5.245119781441404e-05
-0.0014390251489087686
8.006741306918913e-06
-2.5135406448547717e-06
-2.89998772386874e-06
1.0183669290786493e-05
2.816444966771187e-05
2.4437796016662382e-05
-2.564490819736074e-05
-2.9808754883519048e-09
-9.476344407784917e-09
4.120805601749889e-08
1.602404488900191e-07
-2.3097833070198731e-07
-3.33071957595433e-08
-2.873786416107669e-07
-7.024889285704027e-08
-4.905820253842828e-08
2.4595202463406926e-07
2.4635392417585997e-11
5.619296806195277e-11
-1.710639279093767e-10
-2.4248691232029187e-11
1.5957384310033088e-10
-7.575031284022945e-11
-7.578744227399393e-10
7.558991262665705e-10
4.0301025482528957e-10
-3.297645290516273e-11
1.0681366207419283e-09
-1.7569419930557566e-10
1.6772845348654286e-10
-5.880146497281814e-11
-5.46560295163527e-10
