0.06074231425864546

4.895854957361174e-13
-0.000312573275138431
-0.0010240792326392516
0.0001543313677839716
2.385067154456529e-06
-1.6443414711360033e-06
1.0603544080972724e-05
2.236718490470349e-05
2.0349330080694637e-05
-3.0584652477598444e-05
-2.9425904290941865e-08
-3.1011734213859224e-08
5.1817776942571914e-08
1.820430342318618e-07
-2.720086324012858e-07
-1.5985452587068867e-08
-2.602744590276937e-07
-2.3231957523481352e-08
-2.6145110671581324e-08
2.6650025486435824e-07
6.456711161502986e-11
1.2405347943405868e-10
-2.1667834155206278e-10
-6.944622031086439e-11
2.94548046900392e-10
-1.2948613954129793e-10
-7.766183254851122e-10
7.030565262769705e-10
5.116279131561464e-10
-8.467460659644874e-11
1.0367016311426573e-09
-2.331542432768099e-10
3.796974200380846e-11
-1.0846759819411114e-10
-5.699772840812964e-10
