0.062292788734598176

4.919654888633021e-13
-0.00038902878078286797
-0.0009696495389261909
0.0001706036277392699
3.2308787439406076e-06
-1.1559943390165114e-06
1.0616090716327557e-05
2.1408861852907122e-05
1.9876879329850837e-05
-3.1349763102797445e-05
-3.325400152639442e-08
-3.596510131490033e-08
5.3689572937344204e-08
1.847589691938506e-07
-2.802006499742621e-07
-1.1572330859173563e-08
-2.548676403318512e-07
-1.5595131821349575e-08
-2.4282957509388514e-08
2.699862893572301e-07
6.923535409216544e-11
1.3779841011222877e-10
-2.2468839841513302e-10
-7.761636968789371e-11
3.2266882575372343e-10
-1.4118721620499296e-10
-7.759257246944235e-10
6.918206775406828e-10
5.323204996776781e-10
-9.706166883658565e-11
1.0269318127772015e-09
-2.409833352369866e-10
1.599175907456902e-11
-1.1120998496799258e-10
-5.745199265112677e-10
