0.09354097117612761

7.39802491118666e-13
-0.0022390039408088027
-0.00042726881531174093
0.0008795698564186689
2.5084891052628976e-05
1.726925016939198e-05
6.643975847273417e-06
1.0762294232417349e-05
5.169239183169576e-06
-4.6341840327016585e-05
-1.3186097639131872e-07
-1.8017763743313752e-07
9.596070539161397e-08
1.8146459517749271e-07
-4.087602590362343e-07
8.939396918258053e-08
-1.9530595668879013e-07
1.4646959049874598e-07
3.876552290625334e-08
3.1953148578125956e-07
2.006133444364133e-10
4.870406084789143e-10
-3.7575991081074253e-10
-1.1775481517846998e-10
8.101128578543046e-10
-3.731864144987756e-10
-6.786186603915042e-10
4.93613059642168e-10
8.28004254606015e-10
-3.468280931486419e-10
9.319645621637347e-10
-4.224499283313684e-10
-4.434091243072879e-10
-1.8497858973112033e-10
-6.123021266579547e-10
