0.09114482005067381

7.47384292573741e-13
-0.0024185198614403974
-0.0005267309264410095
0.0011402419718518366
2.8245553573311737e-05
2.1574397892024454e-05
3.981444562776811e-06
1.264148564881307e-05
1.32527216195457e-06
-4.7654072210056424e-05
-1.469850669430673e-07
-2.084856687173281e-07
1.0447030187659992e-07
1.5679587544650044e-07
-3.9470564547389397e-07
1.0034627701976214e-07
-2.0673127216334017e-07
1.6214992182812176e-07
5.699777667506565e-08
3.1648305664810875e-07
2.256201312656289e-10
5.442456299648001e-10
-3.8796667770787363e-10
-5.936628796594539e-11
7.908916936648048e-10
-3.8464731132831663e-10
-6.384630638200257e-10
4.872900931535351e-10
7.874891465947528e-10
-3.5907688242093594e-10
9.592120461039209e-10
-4.491291100315262e-10
-4.788255942306088e-10
-2.0806529225255702e-10
-5.961092546991617e-10
