0.08085016065579198

6.911320508978783e-13
-0.002582315415050573
-0.0007501727203598035
0.0016633483981971487
3.244678717852439e-05
2.94588617818702e-05
-2.2642786689765906e-06
1.6610983081205873e-05
-5.360396223742588e-06
-4.932088006367765e-05
-1.6601517526255318e-07
-2.5953439217803896e-07
1.227936661110183e-07
9.893066562209569e-08
-3.4671160085981943e-07
1.1778896286181127e-07
-2.2704668789183078e-07
1.7843316341105892e-07
8.664788828231905e-08
3.0770336996151165e-07
2.58058229504956e-10
6.43205352057169e-10
-4.063504314804415e-10
8.104914062621162e-11
6.954617713959354e-10
-3.9066837663482447e-10
-5.462325859511355e-10
4.798811244205317e-10
6.65654154192439e-10
-3.671792517257536e-10
9.95704917493174e-10
-4.834859846335818e-10
-5.032196058221487e-10
-2.437103456196591e-10
-5.637773640775284e-10
