0.0771118627333996

6.686616597746979e-13
-0.0026035298509302597
-0.0008217948141904831
0.001810458418567928
3.328227347649471e-05
3.1765800437848386e-05
-4.191705458338184e-06
1.7670362265584472e-05
-7.032164581063019e-06
-4.956783258233554e-05
-1.69215124577746e-07
-2.737581321316719e-07
1.277426427436523e-07
7.952558341551432e-08
-3.2937320146084967e-07
1.222500895099824e-07
-2.3085930468527783e-07
1.8017914325708594e-07
9.329040700136313e-08
3.044014828239363e-07
2.63295733502966e-10
6.69274249860552e-10
-4.0945922822571835e-10
1.2693258824325646e-10
6.594051251273853e-10
-3.886569409439067e-10
-5.137066644299595e-10
4.768801713173163e-10
6.230381524887773e-10
-3.672496015897794e-10
9.9730787629225e-10
-4.891771544962855e-10
-5.009281094343753e-10
-2.5059030543425754e-10
-5.540245413751036e-10
