0.07461968498120317

6.536777698493668e-13
-0.002617679045629463
-0.0008695392197389943
0.001908543110681115
3.3839295234286304e-05
3.330377932238055e-05
-5.4766036173349356e-06
1.8376558152827127e-05
-8.146703885912428e-06
-4.973263298821238e-05
-1.7134837720737542e-07
-2.8324121584232567e-07
1.3104162627394087e-07
6.658923968452128e-08
-3.178140375556636e-07
1.2522414945550345e-07
-2.334008320213888e-07
1.813428602511703e-07
9.77192429566845e-08
3.0220088482545724e-07
2.667871646610672e-10
6.866547102796049e-10
-4.1153187121429776e-10
1.5752218351499695e-10
6.353674739235568e-10
-3.8731467418955617e-10
-4.920241137513521e-10
4.748792255274993e-10
5.946266902927428e-10
-3.672971857467984e-10
9.983763426169292e-10
-4.929705440769553e-10
-4.99400391307884e-10
-2.55178094175096e-10
-5.475233671026754e-10
