0.07343702664570528

6.493900337392186e-13
-0.0026283426154828527
-0.0008975199208774775
0.001957544865307788
3.415173026725467e-05
3.411558557570292e-05
-6.098895129930089e-06
1.8792381201700904e-05
-8.725629155671253e-06
-4.9781273267752424e-05
-1.7261051915450118e-07
-2.8807440657459873e-07
1.3244313912774873e-07
5.983328430271122e-08
-3.119438105270261e-07
1.2659203035057873e-07
-2.3506484484208446e-07
1.8198359406916668e-07
1.0005631369398544e-07
3.008240793943244e-07
2.688898304889536e-10
6.952666051848661e-10
-4.1200622715798083e-10
1.7336023706682098e-10
6.231266129327007e-10
-3.861586192016953e-10
-4.808328387771815e-10
4.743294702482124e-10
5.797754776968777e-10
-3.6701479676334306e-10
9.998326697067206e-10
-4.952219250538375e-10
-4.985888728937733e-10
-2.5753983500691333e-10
-5.436962236267044e-10
