0.0560978028225968

6.023170293305182e-13
-0.0027546613011478144
-0.0013532155870702948
0.0026532812364179936
3.844492295729545e-05
4.556247467825175e-05
-1.5079262467051732e-05
2.5923662747498434e-05
-1.7057802497881647e-05
-4.982300895208706e-05
-1.9032435309326382e-07
-3.5501941829593713e-07
1.5129669828167723e-07
-3.8308404702965876e-08
-2.2301691169432443e-07
1.439007927934771e-07
-2.6706934293405337e-07
1.8854724212330558e-07
1.336516906458287e-07
2.770427579518142e-07
2.9994430943266713e-10
8.118505961283772e-10
-4.13399699733448e-10
4.0413277612069907e-10
4.31359613713494e-10
-3.643462464838189e-10
-3.2285493783259516e-10
4.750583301253977e-10
3.529456552815809e-10
-3.557225511944623e-10
1.0401920167393918e-09
-5.261683827968586e-10
-4.791239255983439e-10
-2.8888000559004206e-10
-4.818174531459562e-10
