0.043755154319980005

3.890379087177576e-13
-0.00228200481922025
-0.0018608366047875196
0.003203333998666525
3.2404463641097496e-05
5.69900661881057e-05
-2.8410487326988375e-05
2.4968025272848452e-05
-1.140402281552498e-05
-5.509090216986078e-05
-1.3035203968878378e-07
-4.242211983959266e-07
2.0613828131525328e-07
-1.459267303306028e-07
-1.475415088741331e-07
1.9664129701419433e-07
-2.0388839056173355e-07
1.1427899826089566e-07
9.572820733644885e-08
3.1106383825837483e-07
1.747013196806633e-10
9.396872052963657e-10
-4.850744616396234e-10
6.150086750594888e-10
2.7168387809538624e-10
-4.170642136804628e-10
-9.383066093628006e-11
4.1163645594241216e-10
2.025739525765013e-10
-4.2989080072187897e-10
7.53680712521366e-10
-3.6154401448349516e-10
-3.2402942861799064e-10
-2.1834741450655382e-10
-5.547679299884132e-10
