0.04758161783283785

3.39008259677025e-13
-0.001955755439211636
-0.0020303572772577315
0.0031674153710861777
2.6590072772896888e-05
5.807529829258387e-05
-3.0996277829562144e-05
2.1751801092470987e-05
-3.148476185267689e-06
-5.866995035453975e-05
-8.514003809917715e-08
-4.2796616599840335e-07
2.2580436398193236e-07
-1.6080489094472606e-07
-1.519913546458219e-07
2.160993434839366e-07
-1.5392930214105585e-07
5.9405849625096323e-08
5.997267118340947e-08
3.447086177894503e-07
8.451946232055866e-11
9.450112486784193e-10
-5.204814832085298e-10
6.211064895423086e-10
2.740924051355242e-10
-4.535202729795621e-10
-4.0704038655939986e-11
3.8826974903881894e-10
2.3054041971252475e-10
-4.741484846812658e-10
5.684046899180287e-10
-2.3299996751069905e-10
-2.3600676333432735e-10
-1.7652118654875937e-10
-6.293347422613502e-10
