0.05110027470563244

3.237444553579348e-13
-0.0017471435478131883
-0.00215368494556947
0.003118984832158788
2.2822399054816917e-05
5.824404595309927e-05
-3.208115750361285e-05
2.006741403418933e-05
2.3815152365316464e-06
-6.095362063534598e-05
-5.667291299739995e-08
-4.2638926888074696e-07
2.3652284727247298e-07
-1.6598598905772612e-07
-1.585550174471665e-07
2.261558968167217e-07
-1.2561716161973272e-07
2.3161659167655018e-08
3.811964488822618e-08
3.6640328418616413e-07
2.8686941527833046e-11
9.400154158299858e-10
-5.405054193304887e-10
6.158675491323338e-10
2.793470899786814e-10
-4.749671820047743e-10
-1.7762426666371483e-11
3.809191880960059e-10
2.5492868783681126e-10
-4.989623484266002e-10
4.620283191192483e-10
-1.4933915344815683e-10
-1.803726157070273e-10
-1.5429966911609057e-10
-6.770920849361077e-10
