0.059972323015266144

3.256759869977734e-13
-0.001373003020070781
-0.002404021564207181
0.0029904975684896177
1.586060732884214e-05
5.803303754098068e-05
-3.3556576664009745e-05
1.7416524374083774e-05
1.3068390867202261e-05
-6.519401009423136e-05
-4.2517558057135e-09
-4.200168554893056e-07
2.55413338609991e-07
-1.6909177834372346e-07
-1.7778203258859624e-07
2.442623653307531e-07
-7.774174017909992e-08
-4.426976571971315e-08
-3.17064784299192e-09
4.074181753566692e-07
-7.380697903912261e-11
9.24637624342024e-10
-5.776631258752547e-10
5.90322742817912e-10
3.02306417489338e-10
-5.190627709739903e-10
1.0978209886303566e-11
3.7326984766266924e-10
3.144670760914004e-10
-5.465490779052391e-10
2.797201770539843e-10
7.76197011179743e-12
-8.256443583008071e-11
-1.1182072080566819e-10
-7.674154604089257e-10
