0.06791076166615026

3.554416409815325e-13
-0.0011226072954023355
-0.002617993205160708
0.0028821746212650775
1.1007043102267101e-05
5.7788176077175216e-05
-3.431670630000062e-05
1.6113499263652684e-05
2.090229699308776e-05
-6.820548158179178e-05
3.2519340867328225e-08
-4.141718650939449e-07
2.679985189235058e-07
-1.6895005381240147e-07
-1.9508735384607304e-07
2.56805945209277e-07
-4.799997385380162e-08
-9.29560911810607e-08
-3.245694918236095e-08
4.366370266942168e-07
-1.4553793218168533e-10
9.106394610054547e-10
-6.03092439617414e-10
5.657131031432505e-10
3.244662865893283e-10
-5.521963721603258e-10
2.5009101321350974e-11
3.7353934272773663e-10
3.6244107800514104e-10
-5.808328416981685e-10
1.619000051932583e-10
1.2132959381044605e-10
-1.529559447157571e-11
-8.170757833409182e-11
-8.31573647059088e-10
