0.08892366019152975

4.717168042567949e-13
-0.0006231370124301863
-0.003130121283356236
0.00261399037564166
7.117030789199699e-07
5.731829772223563e-05
-3.5635447344176066e-05
1.3835011142885131e-05
3.8502422691205895e-05
-7.497422154540622e-05
1.1203583549678326e-07
-4.014695921393377e-07
2.955144445144973e-07
-1.6380894256765264e-07
-2.423052736449515e-07
2.8655191339947597e-07
1.2740294192346417e-08
-1.9858838037294054e-07
-9.812389248021488e-08
5.021336048450395e-07
-3.0176631536657704e-10
8.81173332610095e-10
-6.612624753735658e-10
4.968721656816569e-10
3.9512303249019645e-10
-6.346734659807264e-10
4.69948547706954e-11
3.7719487192004254e-10
4.858454290178922e-10
-6.639411133653198e-10
-8.361107927616766e-11
3.721854071809392e-10
1.2155152430802025e-10
-1.0702660668730762e-11
-9.74885553471445e-10
