0.09453331745195603

4.964026599205176e-13
-0.0004951293895502019
-0.003241052914081415
0.002537287445396106
-2.0177365218053284e-06
5.7321563210328224e-05
-3.624912223308275e-05
1.2821550354063508e-05
4.3180502860517044e-05
-7.662935520784692e-05
1.3362977755864213e-07
-3.9998566585708794e-07
3.040611169160819e-07
-1.6241542957785192e-07
-2.5514113889272867e-07
2.967059825180661e-07
3.152480297492643e-08
-2.2453944443790756e-07
-1.1843878183218376e-07
5.195440729566516e-07
-3.4524137867853987e-10
8.786098591053251e-10
-6.79533594565954e-10
4.774314708526897e-10
4.19694902170424e-10
-6.611114347450956e-10
5.622638815877307e-11
3.709790912170558e-10
5.216406468902306e-10
-6.911676467402813e-10
-1.559373129522628e-10
4.3608039374919766e-10
1.5547534974704861e-10
1.7348150750897592e-11
-1.0142588264852032e-09
