0.10172325289042117

4.2936943022406763e-13
-0.00020033855993514132
-0.0032036220245420647
0.002366929466198021
-7.970216173146866e-06
5.733454878860233e-05
-3.904527491383263e-05
6.8344297506439745e-06
5.218225998479227e-05
-7.916206772694299e-05
1.810113387520388e-07
-4.0503472226069366e-07
3.283999839059805e-07
-1.595403100817398e-07
-2.7601844562039364e-07
3.270222986532794e-07
9.454935554831586e-08
-2.638414406788816e-07
-1.7419556675390267e-07
5.548680469356516e-07
-4.452006441841349e-10
8.993201841795176e-10
-7.320487553540676e-10
4.372515292771239e-10
4.880067116749707e-10
-7.309888308923742e-10
9.723989098501013e-11
3.085080972910861e-10
6.029501192569577e-10
-7.677043648072503e-10
-3.65611779594346e-10
5.45098369288203e-10
2.162556742316213e-10
1.1844427857568923e-10
-1.1014826231659311e-09
