0.10286261130158467

1.1890411262074838e-13
0.00010470213245408671
-0.002450920889584426
0.0020589316336583723
-1.3808675351815179e-05
5.384530598846648e-05
-4.1618407424166006e-05
-8.138788185891424e-06
5.944126227296384e-05
-8.05323567458649e-05
2.2387686070282435e-07
-4.072383746099697e-07
3.578028332197281e-07
-1.2414087633492215e-07
-3.111784624818756e-07
3.6454105350611205e-07
2.0115000020120145e-07
-2.62148940459894e-07
-2.4717551197389846e-07
5.928068373441619e-07
-5.430267798602357e-10
9.408041125989767e-10
-8.10322924040265e-10
3.350486317048756e-10
6.400058816980867e-10
-8.272146890310273e-10
1.1468991991367168e-10
1.624056132213681e-10
7.586196950020513e-10
-8.727641409135509e-10
-6.507348505649397e-10
5.843091142758084e-10
2.216577955759082e-10
2.7195926249224527e-10
-1.2046012906204997e-09
