0.12364001115382939

1.4439254190920795e-13
3.2019767003710666e-05
-0.002090730777412233
0.0017098123240431645
-1.6320134461377972e-05
5.189330374845011e-05
-4.033827766228429e-05
-1.8370152744508243e-05
6.781993831543241e-05
-8.51751877374971e-05
2.5083068130713945e-07
-4.0750892163696457e-07
3.7658305818409184e-07
-7.36732418570947e-08
-3.970622328495315e-07
4.010977495022941e-07
2.7719712124691133e-07
-2.632621844157889e-07
-2.979916599923824e-07
6.413767493008368e-07
-6.12349848708221e-10
9.709394513877497e-10
-8.818169794691894e-10
1.8014060722744712e-10
8.873909753699683e-10
-9.419059206379897e-10
8.818139476127676e-11
7.182692550833605e-11
9.938743059594295e-10
-9.908306012665322e-10
-8.515083173808484e-10
6.471922456132922e-10
1.6888034375215516e-10
3.618152320857294e-10
-1.3113478139860204e-09
