0.14241086830785943

2.991661335677068e-13
-0.00016855605776526053
-0.0020533552887859554
0.0014991941626573788
-1.664301936771693e-05
5.291206176118351e-05
-3.940016001748348e-05
-2.275320905961176e-05
7.315841176506312e-05
-8.800768126552625e-05
2.637606847091412e-07
-4.162433212424127e-07
3.8519282569936345e-07
-5.153223039690284e-08
-4.5667735281990377e-07
4.281449593042558e-07
3.157166927227226e-07
-2.6432153757243926e-07
-3.287630589049821e-07
6.687484528335115e-07
-6.514489320726234e-10
1.0006793554020096e-09
-9.200802602608777e-10
9.197453327559648e-11
1.060310027648286e-09
-1.0183971782662885e-09
8.95937365811874e-11
2.1940174635894098e-11
1.1405377445436877e-09
-1.0739992568954435e-09
-9.638504804706654e-10
6.90992894742711e-10
1.2717957079631302e-10
4.2219931712341166e-10
-1.3696511299672352e-09
