0.16779383911223375

5.749626804694409e-13
-0.00048120801295977356
-0.002153054312942453
0.001245448673445652
-1.6673350070758553e-05
5.641203902273382e-05
-3.9520946691623424e-05
-2.6536149519616023e-05
7.984084201748173e-05
-9.013770904923727e-05
2.812001838087721e-07
-4.381684536695642e-07
3.966189267170546e-07
-3.926448415350096e-08
-5.226993863824815e-07
4.6891936856447523e-07
3.57619901221533e-07
-2.6635359161753165e-07
-3.7539734824007153e-07
6.947476507710138e-07
-7.060392405010775e-10
1.0549475398585448e-09
-9.634085701128342e-10
5.036266374851415e-12
1.268704797671599e-09
-1.1193433827720377e-09
1.2498206861046655e-10
-4.808297609162799e-11
1.2980211324859762e-09
-1.1880714204071843e-09
-1.1041634194633314e-09
7.472156906868308e-10
8.300754358251322e-11
5.318354450795616e-10
-1.4298415685479188e-09
