0.16955461692823942

5.955706627252264e-13
-0.0005006046517743731
-0.0021691679199504084
0.0012311877524437246
-1.6670437882908838e-05
5.676258132591382e-05
-3.9732499154404033e-05
-2.6608096385920502e-05
8.027552330517823e-05
-9.018536869160155e-05
2.8258418706161707e-07
-4.406038970271941e-07
3.981432554489686e-07
-3.910133873726525e-08
-5.263390018547716e-07
4.725837008175005e-07
3.5927490095450724e-07
-2.663476586911931e-07
-3.79398722167134e-07
6.960621361598052e-07
-7.102760297939194e-10
1.0607636894575795e-09
-9.6727722665282e-10
3.706127828350937e-13
1.281593130857881e-09
-1.1280298453726047e-09
1.2855258332485834e-10
-5.3376697291735675e-11
1.30682347047176e-09
-1.1971783242966151e-09
-1.1113123562762855e-09
7.508307884450764e-10
8.011320636044474e-11
5.4292022676682e-10
-1.4334930911285085e-09
