0.17182440011732286

6.246661840310817e-13
-0.0005338417751005894
-0.002188936251895574
0.0012139240357263246
-1.6579426967314188e-05
5.736445443917683e-05
-4.009304524433993e-05
-2.6698367651684617e-05
8.074250513298062e-05
-9.013068137747817e-05
2.8400751380088574e-07
-4.4478528381945577e-07
4.0015619599535987e-07
-3.967833240567023e-08
-5.305579993545642e-07
4.778604474578587e-07
3.613387099967606e-07
-2.6532710085704707e-07
-3.85116990217745e-07
6.97133736066152e-07
-7.15423539962998e-10
1.0703803407093903e-09
-9.722273617903192e-10
-4.137789238280541e-12
1.2988453099435519e-09
-1.1397133553407448e-09
1.3519552188348005e-10
-6.171074948699173e-11
1.3170491158920816e-09
-1.2099195077581832e-09
-1.120481850891276e-09
7.533112563154734e-10
7.558188479329374e-11
5.600240394628469e-10
-1.4373134823508643e-09
