0.17566596743172241

6.794278443127251e-13
-0.0005948620660179827
-0.002230290634092989
0.0011840442562420185
-1.6272677481141478e-05
5.832933670863464e-05
-4.072786238786475e-05
-2.6444548519561043e-05
8.129347537183603e-05
-8.979057477530639e-05
2.851692766044083e-07
-4.51736664308952e-07
4.0331678647267485e-07
-4.005813710914565e-08
-5.369847238223041e-07
4.864186427970638e-07
3.6095958329011937e-07
-2.6209729857743866e-07
-3.9430589563965983e-07
6.972791126904383e-07
-7.214502877197659e-10
1.0865607885772316e-09
-9.796800787649027e-10
-1.2095849712267976e-11
1.325985920823505e-09
-1.1593668502983427e-09
1.4348929089251165e-10
-7.36384253529432e-11
1.331798173832577e-09
-1.2301833659051978e-09
-1.1243390276929663e-09
7.534449158819648e-10
6.580638386119417e-11
5.905059536461446e-10
-1.4407319786520376e-09
