0.17935980653748257

7.38584377870383e-13
-0.0006625583917347509
-0.002272933929668885
0.0011515170196362368
-1.5772395145136146e-05
5.9233973803952406e-05
-4.142274449355025e-05
-2.579790223336406e-05
8.150676017082704e-05
-8.905976614027244e-05
2.847512951429495e-07
-4.587571514329395e-07
4.061557860684811e-07
-3.979682037113013e-08
-5.422075337872967e-07
4.94679446028856e-07
3.5641228028020603e-07
-2.5637611742575637e-07
-4.0338875342106896e-07
6.950224563573527e-07
-7.242521318941256e-10
1.103246597791589e-09
-9.859584398023428e-10
-2.0263876178050586e-11
1.3509988096169652e-09
-1.1788879856468185e-09
1.4902527490312815e-10
-8.444381213753894e-11
1.3431433310338084e-09
-1.2491833613981436e-09
-1.1152530978477236e-09
7.472161940923149e-10
5.322316633651475e-11
6.246628988350786e-10
-1.4400339012890076e-09
