0.180788370823375

7.623202395564782e-13
-0.0006904310323652609
-0.002288858970790957
0.001137991249680567
-1.5548217297878846e-05
5.958669364926522e-05
-4.1710464377740456e-05
-2.550618085947035e-05
8.154257800696345e-05
-8.870761978108193e-05
2.8437819751789366e-07
-4.615870222528235e-07
4.072391000660781e-07
-3.962530805935325e-08
-5.440841106394958e-07
4.979462469222526e-07
3.541600634620615e-07
-2.536958163425301e-07
-4.070545323981472e-07
6.937717473184301e-07
-7.249669798841541e-10
1.1100274367273752e-09
-9.882968806336428e-10
-2.3506885087749003e-11
1.3607249973452438e-09
-1.1866281148704605e-09
1.5099854315621648e-10
-8.881443203346371e-11
1.3471823398441815e-09
-1.256619305920299e-09
-1.1101975236372861e-09
7.437408544990329e-10
4.7836484709181675e-11
6.389547777921482e-10
-1.4391828951374193e-09
