0.18138072427959911

7.793623816309285e-13
-0.0007086426459663758
-0.0023076139052321757
0.0011338012343472168
-1.5348474864975615e-05
5.982421896170196e-05
-4.184700479787795e-05
-2.5096889523859358e-05
8.14137293768023e-05
-8.837886406045261e-05
2.8349843153841405e-07
-4.6305284896474534e-07
4.072042773797008e-07
-4.032344814832688e-08
-5.438610394420194e-07
4.989888052783426e-07
3.5104075572770304e-07
-2.5204521119294963e-07
-4.0823134794775995e-07
6.919242213609615e-07
-7.237848556595476e-10
1.1128834534890646e-09
-9.877691967651935e-10
-2.297539214338432e-11
1.362352785734236e-09
-1.1886723560399398e-09
1.522466824311535e-10
-8.916300153745928e-11
1.3454249289128774e-09
-1.2585022133097062e-09
-1.1023929467734398e-09
7.402624652249961e-10
4.552393188100424e-11
6.456844078979853e-10
-1.4362965409961784e-09
