0.18315769004745946

8.30487938132211e-13
-0.0007632653033615076
-0.0023638862600561415
0.0011212286571559457
-1.4749388329373703e-05
6.0536722508325396e-05
-4.2256652575486036e-05
-2.3869020034915765e-05
8.102745717562058e-05
-8.739265160769152e-05
2.8085984577265055e-07
-4.6744986240413667e-07
4.070994864024002e-07
-4.241770421500882e-08
-5.431917055416927e-07
5.021169717678673e-07
3.4168344331408635e-07
-2.470951132622883e-07
-4.117627900378499e-07
6.86382223843727e-07
-7.202397034732033e-10
1.121450440626591e-09
-9.861849637107349e-10
-2.1381474804150214e-11
1.3672369022113528e-09
-1.1948065299795982e-09
1.559910235697695e-10
-9.02081352203142e-11
1.3401506829439586e-09
-1.2641504952707373e-09
-1.0789810298966134e-09
7.2982986026109e-10
3.8588946077692524e-11
6.658751009937676e-10
-1.4276393394533759e-09
