0.022229077210669405

-3.099214138813648e-13
0.0005685230775554006
0.0008064718164303403
-0.0006265869294082003
-1.152903969958777e-05
-7.331520529341013e-06
-2.241548305858038e-06
-1.7781854717585002e-05
2.0229057355661645e-05
-7.975812096556991e-06
8.208777464270203e-08
6.709869715051473e-10
6.323613763686704e-08
1.0516758442494873e-07
-1.2476932880870123e-07
6.437886171966616e-08
1.1377307649482987e-07
-2.545626718605868e-08
-1.4493207490077416e-07
1.2026784306000944e-07
-1.8010652814545495e-10
7.134340892203428e-11
-1.789397535727529e-10
-2.2357323441794694e-10
3.2444005109434184e-10
-2.1079841725734809e-10
-1.4402924736489517e-10
-8.743781891841851e-11
3.8539391478199957e-10
-2.0600449770890342e-10
-2.5644132453214784e-10
7.495398877470995e-11
4.2385572439582794e-11
2.7210626108017597e-10
-2.9959761383454957e-10
