0.023747668365093497

-3.407108762713215e-13
0.0006498015941901012
0.0008787303261020717
-0.0007057695678505154
-1.3088527784029497e-05
-8.315938709473092e-06
-2.0678385093608667e-06
-1.9505931110407703e-05
2.2616503610121062e-05
-8.520629236782387e-06
9.17846810193228e-08
3.734419317563077e-09
6.687331000928461e-08
1.1476121650521506e-07
-1.3510200753684452e-07
6.707312152248702e-08
1.250205494520796e-07
-3.15277315432543e-08
-1.6036299420960714e-07
1.3196996597828104e-07
-1.999072801831022e-10
6.983344882643486e-11
-1.9081689858921636e-10
-2.410813310599069e-10
3.4691568467803756e-10
-2.2167013689094083e-10
-1.602664951007664e-10
-8.848344819369988e-11
4.174774594985112e-10
-2.1874025156369154e-10
-2.815343806297672e-10
8.307329147964765e-11
5.95444421844667e-11
2.975958948012764e-10
-3.3030362263413157e-10
