0.028622067760249087

-4.1331007713475063e-13
0.0008748055388851686
0.001050141116988027
-0.0009268622236152243
-1.760229769218465e-05
-1.0792714505438423e-05
-1.445216297213746e-06
-2.414416956739526e-05
2.9785504243961493e-05
-1.031428142854531e-05
1.2005969398489595e-07
1.148891583275687e-08
7.662663147187365e-08
1.4018228590574316e-07
-1.653555242829592e-07
7.407693425375214e-08
1.5597842691708824e-07
-5.146607571214532e-08
-2.0490444518517368e-07
1.6745752653724353e-07
-2.5765192922263334e-10
6.578928679162911e-11
-2.2364854929292146e-10
-2.8490751552065436e-10
4.092673105662377e-10
-2.497373168174241e-10
-2.0682447940503744e-10
-8.369613326232554e-11
5.080282816471164e-10
-2.5415055876688123e-10
-3.503496029524176e-10
1.0746088446915991e-10
1.1517575624860972e-10
3.6853573313927156e-10
-4.2244254817293967e-10
