0.030879467803125477

-4.239786257798601e-13
0.0009399838110249277
0.0010881983437490183
-0.0010043345401181691
-1.9157282168786573e-05
-1.1309637028830646e-05
-1.2227525281825296e-06
-2.5624696817043608e-05
3.24868185315295e-05
-1.0954504001175491e-05
1.3024771265097413e-07
1.2701295199497528e-08
7.966054382212343e-08
1.47207108379179e-07
-1.7636834923888688e-07
7.691137349001573e-08
1.6655572894807987e-07
-5.927538368542173e-08
-2.217297018423255e-07
1.804615939832783e-07
-2.7896479758480964e-10
6.63197822924345e-11
-2.3441883222038635e-10
-2.962626664310927e-10
4.321378389937353e-10
-2.5889583924220194e-10
-2.204981757362982e-10
-7.98047572316441e-11
5.390519251392042e-10
-2.67665593223271e-10
-3.7476652107372727e-10
1.1588937939023384e-10
1.376999794435835e-10
3.9593942775419644e-10
-4.564271688769476e-10
