0.10452630160787196

1.1045256270905785e-12
-0.0005558193423774786
-0.0011942273761315497
-0.0009174430087826338
-1.4381348901497934e-05
2.263055412865143e-05
-8.655453219253364e-07
-9.314152563215644e-06
5.381375046058166e-05
-2.1145854894597582e-05
1.5087663060144516e-07
-1.4710252745392021e-07
7.257544432156748e-08
1.4211845127369678e-08
-2.953312862979041e-07
1.4029236519900157e-07
1.1300979463215236e-07
-1.3381555361723567e-07
-3.330955227884173e-07
2.920146899668788e-07
-3.7582733982748654e-10
3.1374226503376495e-10
-2.5109539118708734e-10
-4.6887386495488005e-12
6.863401063679788e-10
-3.071178935160164e-10
-8.76690340232477e-11
1.8585728076148502e-10
6.484034318684733e-10
-4.558906774123763e-10
-2.906875560868559e-10
1.2324837912312502e-10
3.347171461902118e-10
6.07410905545815e-10
-7.211711530649831e-10
