0.11444661555019103

1.5266799620802075e-12
-0.0009754053970111951
-0.0019471804891120297
-0.000764384874020445
-9.095649742220083e-06
3.111355470925555e-05
-4.59861597421857e-06
4.374509617645876e-06
4.9966681853302284e-05
-1.610070934366018e-05
1.262639672292055e-07
-1.9116028579252916e-07
7.099607047139325e-08
-3.0500452630782835e-08
-2.706172535097253e-07
1.5492634184869812e-07
1.8646683770268303e-08
-1.145176842718088e-07
-3.361041893178915e-07
2.5616748689274486e-07
-3.3510123528194165e-10
3.851376892669443e-10
-2.2861039807903414e-10
9.119662356504803e-11
6.394910029450089e-10
-3.184259284314943e-10
-4.531590656934304e-11
2.433486268541106e-10
5.391203903262331e-10
-4.677463624461547e-10
-5.821120100874018e-11
5.53785151170998e-11
3.195822995773456e-10
6.894921493584471e-10
-6.573884494606228e-10
