0.10830774540799834

1.6439175864678944e-12
-0.0008845508568657179
-0.002479559700985171
-0.0006059466765819429
-6.181141939815588e-06
2.847160310320766e-05
-4.423248452479798e-06
2.0848392491855624e-05
4.351392973499113e-05
-1.176371766689566e-05
9.36522008764605e-08
-1.714921122803774e-07
6.055047801054991e-08
-2.3647967115318497e-08
-2.3020338200157384e-07
1.2111710657001492e-07
-1.2097076495448307e-07
-1.0695117366742314e-07
-2.9121189754596385e-07
2.16411823675192e-07
-2.4946800668370383e-10
3.3515117828808744e-10
-1.8489084195504793e-10
1.3036134427402685e-10
4.6358171290743153e-10
-2.642303299756307e-10
-1.6092669686073678e-10
3.9613303516092037e-10
4.001628678621799e-10
-3.697373974433793e-10
3.4840456598081553e-10
-1.5896349916588908e-11
3.183170421817915e-10
6.261307980818041e-10
-5.732386054476187e-10
