0.10571196544494066

1.6087033865983927e-12
-0.0008028775564405178
-0.0024901986630003962
-0.0005919327577812185
-6.396049662763488e-06
2.669474176689679e-05
-3.706244461460512e-06
2.234461693265699e-05
4.288810967480404e-05
-1.1825482637851915e-05
9.064240977725746e-08
-1.606578457777705e-07
5.832610196456445e-08
-1.5678955981618654e-08
-2.262242566771059e-07
1.1114848373261403e-07
-1.3659794786352368e-07
-1.0956482446422738e-07
-2.8082636757219094e-07
2.1487222331053295e-07
-2.3769184046681236e-10
3.1317135505783673e-10
-1.7888639888674252e-10
1.2591911907268548e-10
4.329565812640989e-10
-2.496068856423009e-10
-1.9344750768874612e-10
4.239441844240007e-10
3.880841003161078e-10
-3.463438094550677e-10
4.00749604607404e-10
-1.9735358124803828e-11
3.227555733266868e-10
5.970975585695202e-10
-5.677512975255845e-10
