0.06384314343446496

4.943446616136575e-13
-0.00046548018497792897
-0.0009152267717872429
0.0001868806943818219
4.076625383952378e-06
-6.676776131041423e-07
1.0628648662760325e-05
2.0450648474045528e-05
1.940446139354286e-05
-3.2114918924709435e-05
-3.708166726575051e-08
-4.091832617397464e-08
5.556123828313509e-08
1.8747482547568402e-07
-2.883925706146914e-07
-7.159233568541802e-09
-2.494612721640139e-07
-7.958789788472144e-09
-2.242065569608031e-08
2.7347241706264397e-07
7.390273634778787e-11
1.515432567577382e-10
-2.326987153310866e-10
-8.578682400898256e-11
3.507892914580982e-10
-1.528870971820731e-10
-7.752324910483665e-10
6.805848503079915e-10
5.530131348823996e-10
-1.09449309302286e-10
1.0171625109101316e-09
-2.4881171194243e-10
-5.985433009146743e-12
-1.1395317679608447e-10
-5.790624343813229e-10
