0.08723355893263049

6.324812742424964e-13
-0.001584007847560429
-0.0004007548673338418
0.00045726057053000483
1.6380995587610243e-05
8.341918513056479e-06
9.905099519830527e-06
1.0500855970212629e-05
1.2634893184140483e-05
-4.17390392946463e-05
-9.118331722201222e-08
-1.1804961992438864e-07
8.005776517962262e-08
2.0795942704085786e-07
-3.9144566984589976e-07
5.6008914616875885e-08
-1.9191624137335302e-07
9.237056822703258e-08
3.5442666797142905e-09
3.1343636749895655e-07
1.4008059891005836e-10
3.5029138752898417e-10
-3.33343809967634e-10
-1.6739254834138398e-10
7.138392637041083e-10
-3.1029190626964234e-10
-7.409401126515255e-10
5.396765024513614e-10
8.016617368476964e-10
-2.786666351247582e-10
9.119973773814159e-10
-3.514482719618769e-10
-2.975325027098862e-10
-1.4143640474454472e-10
-6.255424988531961e-10
