0.08933024829991454

7.408057876134991e-13
-0.002465455130969348
-0.0005748130834981367
0.0012511500636468297
2.9277335742118153e-05
2.3274338953605937e-05
2.7354089480493472e-06
1.3526492081304072e-05
-1.6130356264408356e-07
-4.8070462222597225e-05
-1.518319480364146e-07
-2.1951325968744175e-07
1.0819731550356439e-07
1.4519703864389293e-07
-3.8582787759330564e-07
1.0415191790131664e-07
-2.1168488068040528e-07
1.6649890062829936e-07
6.390527230217364e-08
3.147734238127952e-07
2.339000399099911e-10
5.658545717105002e-10
-3.920865522835548e-10
-3.115049976910122e-11
7.738894727354411e-10
-3.8675897505277505e-10
-6.203644577596506e-10
4.861914836055486e-10
7.641080385008133e-10
-3.614521258643477e-10
9.695839077243746e-10
-4.577339210095024e-10
-4.868986188088087e-10
-2.167869829352325e-10
-5.891703247186452e-10
