0.07835844935847072

6.761594805967228e-13
-0.002596467258947248
-0.0007979244641106831
0.0017614157397307891
3.300382626629421e-05
3.0996866208968945e-05
-3.5491551880600533e-06
1.7317232067116636e-05
-6.474879918029412e-06
-4.9485476396595226e-05
-1.681485447742602e-07
-2.690171934845619e-07
1.2609274604469011e-07
8.599401955988986e-08
-3.351528963848441e-07
1.207627737744806e-07
-2.2958838185386219e-07
1.7959715113996797e-07
9.107614968572162e-08
3.05501983682462e-07
2.615499472894079e-10
6.60584928516577e-10
-4.0842285406033277e-10
1.1163826880707783e-10
6.714247966020817e-10
-3.8932708893161404e-10
-5.245489051097972e-10
4.778806284966455e-10
6.372434148102323e-10
-3.6722563134377254e-10
9.9677349648767e-10
-4.8728034480165e-10
-5.016917605353209e-10
-2.482968459042493e-10
-5.572753643800327e-10
