0.06106835457878931

6.135723508419489e-13
-0.002725563565575024
-0.0012126334096236148
0.0024564075918481415
3.7298884565071027e-05
4.231468429905205e-05
-1.248315473170344e-05
2.3716774132507736e-05
-1.474685519527758e-05
-4.989593125106099e-05
-1.8570798737782904e-07
-3.3623290595234507e-07
1.4595161161767154e-07
-9.969680221903192e-09
-2.491354819152896e-07
1.3916742174149366e-07
-2.5693912429319947e-07
1.8753200356143424e-07
1.2442992787222568e-07
2.8420959695703166e-07
2.916944519048546e-10
7.795860961886087e-10
-4.135818488998105e-10
3.3755154423097824e-10
4.887200369763156e-10
-3.7111198813900146e-10
-3.67894173035041e-10
4.735395666515226e-10
4.197358511538633e-10
-3.5973190898462844e-10
1.0267567295731752e-09
-5.184513502204835e-10
-4.867722937991619e-10
-2.8094445716155266e-10
-4.999369695759028e-10
