0.05282111665040895

5.886782432857938e-13
-0.0027577625068030613
-0.001447331941699327
0.0027834442189466992
3.89456257556687e-05
4.77675274619482e-05
-1.6987180999990727e-05
2.718412330029858e-05
-1.8255488347250984e-05
-4.991653704027702e-05
-1.9137795871434745e-07
-3.6802408167190244e-07
1.5608411824147945e-07
-5.767736105372393e-08
-2.0567552933390775e-07
1.482176202276633e-07
-2.7140819580036994e-07
1.873060360107895e-07
1.377601512299673e-07
2.738792160228138e-07
3.0130617071893107e-10
8.346615531729398e-10
-4.1560866545443113e-10
4.488637813519917e-10
3.935212613068935e-10
-3.6215353011610684e-10
-2.9071826372313457e-10
4.742478919821864e-10
3.099357110418198e-10
-3.556607959777761e-10
1.0409452385773388e-09
-5.268268201489485e-10
-4.704198235074902e-10
-2.908206320322765e-10
-4.735991164085805e-10
