0.04934116530762722

3.3137962004409446e-13
-0.0018514533429418842
-0.00209201981169081
0.0031431947719982563
2.470624383328396e-05
5.815970048691533e-05
-3.153868775795837e-05
2.0909597036481027e-05
-3.834883069000062e-07
-5.981173147032704e-05
-7.090638575044674e-08
-4.271779182809089e-07
2.3116361564197087e-07
-1.6339549591570758e-07
-1.552731936947993e-07
2.2112740285243243e-07
-1.3977330799257784e-07
4.1283897283036024e-08
4.904613310743082e-08
3.5555572696166684e-07
5.66028582787522e-11
9.425137531595423e-10
-5.304934528506512e-10
6.184873689192277e-10
2.7671928386410625e-10
-4.642436821102862e-10
-2.9233305853851107e-11
3.845943573214371e-10
2.427352041536138e-10
-4.865550989188503e-10
5.152169050944197e-10
-1.911698947209014e-10
-2.0818961879556952e-10
-1.654106836047662e-10
-6.532129870010169e-10
