0.09527273762964672

4.97788324637608e-13
-0.0004758698653943115
-0.0032525648131452663
0.002526191869490022
-2.4290911196754967e-06
5.734453472157588e-05
-3.6383660624087485e-05
1.2584529835278285e-05
4.3862953492742635e-05
-7.68583562379057e-05
1.3692999453044295e-07
-4.000467560599443e-07
3.054906408555309e-07
-1.6238321434893627e-07
-2.5685511054654545e-07
2.9847622333921406e-07
3.4940575914290866e-08
-2.2813527641934343e-07
-1.2177507363756537e-07
5.221116049679593e-07
-3.5201322416174763e-10
8.789533954207846e-10
-6.825621206318799e-10
4.748222245226977e-10
4.2365978004247734e-10
-6.653766728250647e-10
5.84946593005048e-11
3.6884171376425584e-10
5.269319571479792e-10
-6.957412114122677e-10
-1.684337486266e-10
4.452252297331114e-10
1.6041310426954924e-10
2.2504925334596612e-11
-1.0202111259714832e-09
