0.09675143915752332

5.005600305890517e-13
-0.00043736251297563864
-0.00327556936255179
0.0025039922560697973
-3.251587267938366e-06
5.739033219374688e-05
-3.665257581943556e-05
1.2110317272070918e-05
4.522784251171815e-05
-7.73163012407514e-05
1.4352915128578188e-07
-4.0016890829228484e-07
3.0834937580630865e-07
-1.623177889707231e-07
-2.6028271094400984e-07
3.020155479915614e-07
4.1772705832555084e-08
-2.353267981350156e-07
-1.2844800261475427e-07
5.272467395054676e-07
-3.6555452697965893e-10
8.796406119934972e-10
-6.886185423404232e-10
4.696033879484104e-10
4.3158923222317863e-10
-6.73906338115572e-10
6.302948492641375e-11
3.645654970014121e-10
5.375150978497766e-10
-7.048864197664287e-10
-1.9342730827502612e-10
4.6351450905752485e-10
1.7028934208277166e-10
3.281904976651765e-11
-1.032116271833449e-09
