0.10065458423104984

4.805858869169306e-13
-0.0002993132743251022
-0.0032826568999164154
0.0024212576909077603
-6.111023688470261e-06
5.74773199976821e-05
-3.792124216515968e-05
9.5380703573471e-06
4.965903845574664e-05
-7.854415838465206e-05
1.6641533540768262e-07
-4.023140945862637e-07
3.19529537199575e-07
-1.6156534682418555e-07
-2.70522005089994e-07
3.162057204488267e-07
7.054894289518073e-08
-2.555866173120483e-07
-1.5481703799361394e-07
5.440418690708318e-07
-4.1362899936859095e-10
8.880394484969377e-10
-7.1252145049008e-10
4.509117356183333e-10
4.632389807672635e-10
-7.065726858021809e-10
8.289611488731818e-11
3.3748886347116964e-10
5.754323662696196e-10
-7.40746053659592e-10
-2.9147913848972237e-10
5.184189070883598e-10
2.0100000666610636e-10
7.990735780478372e-11
-1.0733547429418e-09
