0.10194270112241496

3.8739913201764814e-13
-0.00014124304652456034
-0.0031262045020959708
0.002331770929266405
-9.058973559342749e-06
5.7171638425050244e-05
-3.977079019687221e-05
4.847875126733708e-06
5.356385100943837e-05
-7.944469196491711e-05
1.89471797385544e-07
-4.070125541181217e-07
3.34002713335089e-07
-1.5759987064514313e-07
-2.7921970106903086e-07
3.3391646605543884e-07
1.1071512856261817e-07
-2.668344617844049e-07
-1.8658509773867934e-07
5.612035063432127e-07
-4.639116680183161e-10
9.078123555104987e-10
-7.447529720313239e-10
4.280715977960207e-10
5.051714194392588e-10
-7.46448983901303e-10
1.060038265419689e-10
2.8728867754779207e-10
6.209782108248514e-10
-7.850067455445744e-10
-4.132269181517235e-10
5.573507653286415e-10
2.2339393915470156e-10
1.4434882202185455e-10
-1.1185870386099302e-09
