0.10188744390678647

3.5149628868464804e-13
-0.00010047474604356158
-0.003047630506381075
0.002299131240673179
-9.821034807137847e-06
5.6930654815245455e-05
-4.0244684082943134e-05
3.1617299180219988e-06
5.4467907504480585e-05
-7.951101229338197e-05
1.9521721819819869e-07
-4.0813975194552985e-07
3.3777620602915196e-07
-1.5522571985934727e-07
-2.8173471457298705e-07
3.388114861209025e-07
1.234219128726026e-07
-2.674252717670596e-07
-1.960966555887109e-07
5.652612396013961e-07
-4.769022086728118e-10
9.13943330633512e-10
-7.53793842492913e-10
4.1956498819007634e-10
5.198265790607168e-10
-7.575579809933901e-10
1.1167838628599407e-10
2.6942667755001465e-10
6.355235083452036e-10
-7.97703709585226e-10
-4.489917983146874e-10
5.630600794680731e-10
2.2691357469470555e-10
1.6518956455914706e-10
-1.1303835710527891e-09
