0.10182630335691659

1.5994417370868954e-13
6.947588856505973e-05
-0.0025703176617337875
0.0021144494313803546
-1.3044124380764827e-05
5.466389722686275e-05
-4.158130624824702e-05
-5.854368583741211e-06
5.82842489005212e-05
-8.004900221216703e-05
2.1836937470713298e-07
-4.085969468054453e-07
3.538030606512772e-07
-1.3314611763083366e-07
-3.016909818149306e-07
3.5949628023015395e-07
1.8584145191466794e-07
-2.6300004978291634e-07
-2.3769027509128005e-07
5.856595607721762e-07
-5.303242067673259e-10
9.37125093669159e-10
-7.977031948455558e-10
3.583972385256125e-10
6.092025803940168e-10
-8.110949092341634e-10
1.1970725078325476e-10
1.8188732566652749e-10
7.260103006285555e-10
-8.566007252259139e-10
-6.125380503798792e-10
5.781772804071212e-10
2.26114600980634e-10
2.5415042306966224e-10
-1.1872219586225482e-09
