0.101875413488249

1.4778056107475203e-13
7.954557465756291e-05
-0.002538429959957098
0.0021018659415453916
-1.3233902518172517e-05
5.4478215190322175e-05
-4.1632756695799516e-05
-6.4291703612751635e-06
5.851742987513929e-05
-8.010211286614914e-05
2.1969513616114317e-07
-4.084169943906513e-07
3.5478119470113363e-07
-1.3131106428895772e-07
-3.03318090316977e-07
3.6071989783153363e-07
1.896607135333592e-07
-2.6256553811578894e-07
-2.401368894882958e-07
5.870329045094455e-07
-5.33395895271088e-10
9.383041466876866e-10
-8.005697272845107e-10
3.5364511056896145e-10
6.155427821782285e-10
-8.14635710849932e-10
1.1930539782612764e-10
1.76544091969791e-10
7.325839631786775e-10
-8.602870876170854e-10
-6.221594482157183e-10
5.789599039645319e-10
2.2540550558176066e-10
2.592533218810178e-10
-1.190888455995502e-09
