0.10962922594938543

7.231174528052741e-14
0.00013224713026980796
-0.0022104006404885454
0.0019033636045896855
-1.541707568055061e-05
5.2257041596492375e-05
-4.128920859390458e-05
-1.362798695428394e-05
6.309230796779409e-05
-8.254259142886279e-05
2.3771365038194702e-07
-4.0528085270892354e-07
3.6794755119675974e-07
-9.915958189997907e-08
-3.461064552629517e-07
3.801672611700205e-07
2.398370626700103e-07
-2.6189975500790143e-07
-2.712857203428195e-07
6.153041737911865e-07
-5.765924376696442e-10
9.52758296870816e-10
-8.454835050538164e-10
2.6474198329665687e-10
7.430301989203801e-10
-8.775374940187215e-10
9.953430901641523e-11
1.1613462669341645e-10
8.621008413179413e-10
-9.234325173499384e-10
-7.496008616160464e-10
6.09701907178767e-10
2.017508327523142e-10
3.1410039377828053e-10
-1.2553282241361665e-09
