0.1106228628259596

7.280255267698172e-14
0.00012924226953263632
-0.0021908553458797417
0.0018856350686785959
-1.554428339012186e-05
5.213727745672779e-05
-4.121473124939618e-05
-1.4149047537799428e-05
6.349971517865456e-05
-8.276762980016977e-05
2.390208004006446e-07
-4.051778233115949e-07
3.688385556442131e-07
-9.653479513650147e-08
-3.503578048732403e-07
3.8189346718556397e-07
2.4363245179231686e-07
-2.6189348469634707e-07
-2.737601173797528e-07
6.176857090922728e-07
-5.799406818699288e-10
9.54051975090766e-10
-8.48972041544631e-10
2.568857991853884e-10
7.552420431858082e-10
-8.830885686880423e-10
9.797637079853683e-11
1.1163619998808177e-10
8.738173790864076e-10
-9.291207628632698e-10
-7.594707032045861e-10
6.126548896641577e-10
1.9908447898752633e-10
3.1841683138206486e-10
-1.2605704121972608e-09
