0.11161596646663452

7.328668921259818e-14
0.00012623925325968053
-0.002171300790322765
0.0018679115384086988
-1.5671467746236345e-05
5.201752969403077e-05
-4.1140333281602724e-05
-1.4670181219814178e-05
6.390703536335616e-05
-8.299262543866778e-05
2.4032775432401e-07
-4.0507509266906313e-07
3.6972981890981576e-07
-9.390980659688871e-08
-3.5460930825230703e-07
3.8362001924594116e-07
2.474281116509606e-07
-2.618871025148362e-07
-2.762339358306065e-07
6.200666520302509e-07
-5.832885159900896e-10
9.55346188398691e-10
-8.524605192239321e-10
2.4902945747147285e-10
7.674549065862153e-10
-8.886411227142668e-10
9.641785260396885e-11
1.0713846378249496e-10
8.855329993743798e-10
-9.348086436913263e-10
-7.693409540655243e-10
6.156080097893358e-10
1.96417350417676e-10
3.227325369870744e-10
-1.2658112299353772e-09
