0.1386604377145378

2.6529314856794016e-13
-0.00012671113405280044
-0.0020554290113021178
0.0015412340303408599
-1.6590553317927496e-05
5.264240390980916e-05
-3.9560468150300116e-05
-2.195059591854524e-05
7.21105490703641e-05
-8.752157049697962e-05
2.6118750542211e-07
-4.1427773043989497e-07
3.836380035945227e-07
-5.5309116344405965e-08
-4.453194218244828e-07
4.2271634421618715e-07
3.083313523066259e-07
-2.640483802899195e-07
-3.2247244861571777e-07
6.638071260366492e-07
-6.436131434065297e-10
9.946271493004615e-10
-9.130639117113055e-10
1.0851662034510807e-10
1.0267465853686839e-09
-1.0035398947860074e-09
8.799942398967624e-11
3.2011229372877646e-11
1.1128332619573594e-09
-1.0575835585916722e-09
-9.415974247389566e-10
6.822829424460027e-10
1.3494568624770992e-10
4.0926351635509683e-10
-1.358946984131306e-09
