0.164021328996989

5.291426439967125e-13
-0.0004350167257849352
-0.002119732596486877
0.0012765972928989197
-1.671181342182794e-05
5.5645584938058744e-05
-3.916002267192417e-05
-2.633084778197327e-05
7.893088768182822e-05
-9.002810778894616e-05
2.7848525082393036e-07
-4.3312973385614146e-07
3.9389651644478856e-07
-3.9415190305199894e-08
-5.147674642425787e-07
4.6149437241634884e-07
3.5364247647637283e-07
-2.6640188047598317e-07
-3.672652375769248e-07
6.920314550096911e-07
-6.974330911948939e-10
1.0432192292699553e-09
-9.560555761989312e-10
1.4676592094685072e-11
1.2408107604364822e-09
-1.1020239895601859e-09
1.1686512726860195e-10
-3.695481892898584e-11
1.2792062595104589e-09
-1.1693280368038913e-09
-1.0877641363687979e-09
7.397316100115071e-10
8.915650172047698e-11
5.095980207701236e-10
-1.4224453696890734e-09
