0.1879099653968112

9.34880765287365e-13
-0.0008798001262729775
-0.002467858672940636
0.0010896255461935718
-1.3602706244759856e-05
6.220787333205679e-05
-4.3467005655708794e-05
-2.1793667230567587e-05
8.062165863049227e-05
-8.562872300533292e-05
2.7723857701780637e-07
-4.79145812972439e-07
4.0983879696425436e-07
-4.561258209293335e-08
-5.452988559481812e-07
5.128278211538802e-07
3.262388747135495e-07
-2.363831683446464e-07
-4.2299550774602387e-07
6.77748803066251e-07
-7.17959444870121e-10
1.146830121197163e-09
-9.899915016320928e-10
-2.3454148219877477e-11
1.3902482182282107e-09
-1.2181211910563602e-09
1.6608047192521643e-10
-1.002217413829883e-10
1.3401327526042496e-09
-1.2861882930640911e-09
-1.0422929654540775e-09
7.116994174845342e-10
2.0330288522599612e-11
7.175663021806927e-10
-1.4162897720781872e-09
