0.19367801656520012

1.0542009143470125e-12
-0.0009883229723757234
-0.0026243815213403457
0.0010665118296169214
-1.2562324967739275e-05
6.451774915417239e-05
-4.566126064069046e-05
-1.89622045618862e-05
8.054006467934913e-05
-8.365908603227303e-05
2.7592591326218513e-07
-4.96039087204319e-07
4.1699831549454804e-07
-5.1489637752358096e-08
-5.45947832163607e-07
5.290817575645206e-07
3.066626294984482e-07
-2.2641272559940523e-07
-4.401133973176824e-07
6.693578566051118e-07
-7.213526911029488e-10
1.1841128889515093e-09
-1.0007366877789813e-09
-2.156475910305677e-11
1.4131277144091795e-09
-1.253549979052492e-09
1.8129100726428865e-10
-1.1265209995998252e-10
1.3371988349330337e-09
-1.3185583829287327e-09
-9.990340650305038e-10
6.961213961422437e-10
3.824994157926992e-12
7.892895437097828e-10
-1.408072007989896e-09
