0.19949803535921667

1.2669869382891074e-12
-0.0012184731368421351
-0.0028731361798758183
0.0010315441482264048
-1.0172087193967817e-05
6.813141935633426e-05
-4.740646018870702e-05
-1.4105151498481682e-05
7.880024885648338e-05
-7.92585244167316e-05
2.6581312543225296e-07
-5.158601166152307e-07
4.139464251347023e-07
-6.889816031989998e-08
-5.361254134287241e-07
5.402855296847447e-07
2.7263078027913e-07
-2.0854872092777055e-07
-4.5402260395013163e-07
6.436192285356191e-07
-7.084488465220503e-10
1.2183403692899572e-09
-9.865071830738462e-10
2.600469656468822e-12
1.4187886656662894e-09
-1.2672279086417024e-09
2.1527648278160596e-10
-1.19502421319753e-10
1.2974163335867799e-09
-1.3358535705582626e-09
-9.210148000952377e-10
6.551855422109828e-10
-1.316474781702964e-11
8.699340609290277e-10
-1.3664078984489423e-09
