    0.1120
    0.0331
    0.0706
    0.0941
    0.0245
    0.0713
    0.1157
    0.0339
    0.0718
    0.0969
    0.0251
    0.0724
    0.1193
    0.0347
    0.0730
    0.0997
    0.0257
    0.0736
    0.1230
    0.0355
    0.0742
    0.1025
    0.0263
    0.0748
    0.1266
    0.0363
    0.0754
    0.1054
    0.0269
    0.0759
    0.1303
    0.0371
    0.0766
    0.1082
    0.0275
    0.0771
    0.1353
    0.0381
    0.0780
    0.1120
    0.0283
    0.0785
    0.1404
    0.0391
    0.0793
    0.1158
    0.0290
    0.0799
    0.1454
    0.0401
    0.0807
    0.1195
    0.0298
    0.0813
    0.1504
    0.0412
    0.0821
    0.1233
    0.0306
    0.0827
    0.1555
    0.0422
    0.0835
    0.1271
    0.0313
    0.0841
    0.1613
    0.0434
    0.0847
    0.1314
    0.0322
    0.0853
    0.1672
    0.0446
    0.0859
    0.1358
    0.0332
    0.0865
    0.1730
    0.0458
    0.0871
    0.1401
    0.0341
    0.0877
    0.1789
    0.0470
    0.0883
    0.1444
    0.0350
    0.0890
    0.1848
    0.0482
    0.0895
    0.1487
    0.0359
    0.0902
    0.1907
    0.0495
    0.0903
    0.1530
    0.0368
    0.0912
    0.1966
    0.0509
    0.0912
    0.1572
    0.0377
    0.0921
    0.2025
    0.0522
    0.0920
    0.1615
    0.0387
    0.0931
    0.2085
    0.0535
    0.0929
    0.1657
    0.0396
    0.0941
    0.2144
    0.0548
    0.0937
    0.1700
    0.0406
    0.0951
    0.2191
    0.0559
    0.0933
    0.1727
    0.0413
    0.0952
    0.2237
    0.0570
    0.0928
    0.1755
    0.0420
    0.0954
    0.2283
    0.0580
    0.0923
    0.1783
    0.0427
    0.0955
    0.2330
    0.0591
    0.0919
    0.1811
    0.0434
    0.0957
    0.2376
    0.0602
    0.0914
    0.1839
    0.0441
    0.0959
    0.2404
    0.0610
    0.0900
    0.1850
    0.0446
    0.0953
    0.2432
    0.0619
    0.0887
    0.1861
    0.0451
    0.0947
    0.2459
    0.0627
    0.0873
    0.1873
    0.0455
    0.0941
    0.2487
    0.0636
    0.0859
    0.1884
    0.0460
    0.0935
    0.2514
    0.0644
    0.0845
    0.1895
    0.0465
    0.0930
    0.2525
    0.0650
    0.0830
    0.1896
    0.0468
    0.0920
    0.2535
    0.0656
    0.0814
    0.1896
    0.0472
    0.0910
    0.2546
    0.0662
    0.0799
    0.1897
    0.0475
    0.0900
    0.2556
    0.0667
    0.0783
    0.1897
    0.0479
    0.0890
    0.2567
    0.0673
    0.0768
    0.1898
    0.0482
    0.0880
    0.2572
    0.0676
    0.0756
    0.1897
    0.0485
    0.0873
    0.2577
    0.0680
    0.0745
    0.1896
    0.0488
    0.0866
    0.2583
    0.0684
    0.0734
    0.1895
    0.0491
    0.0859
    0.2588
    0.0687
    0.0722
    0.1894
    0.0495
    0.0852
    0.2593
    0.0691
    0.0711
    0.1893
    0.0498
    0.0844
    0.2596
    0.0690
    0.0704
    0.1892
    0.0501
    0.0840
    0.2599
    0.0690
    0.0697
    0.1892
    0.0505
    0.0836
    0.2601
    0.0690
    0.0690
    0.1892
    0.0508
    0.0832
    0.2604
    0.0689
    0.0683
    0.1891
    0.0512
    0.0828
    0.2607
    0.0689
    0.0676
    0.1891
    0.0515
    0.0824
    0.2609
    0.0689
    0.0673
    0.1892
    0.0520
    0.0822
    0.2611
    0.0689
    0.0669
    0.1893
    0.0525
    0.0821
    0.2613
    0.0689
    0.0666
    0.1894
    0.0529
    0.0819
    0.2615
    0.0689
    0.0662
    0.1895
    0.0534
    0.0817
    0.2618
    0.0689
    0.0659
    0.1896
    0.0539
    0.0816
    0.2621
    0.0687
    0.0656
    0.1898
    0.0544
    0.0815
    0.2625
    0.0686
    0.0653
    0.1900
    0.0549
    0.0814
    0.2629
    0.0684
    0.0650
    0.1903
    0.0554
    0.0814
    0.2632
    0.0682
    0.0647
    0.1905
    0.0559
    0.0813
    0.2636
    0.0681
    0.0644
    0.1907
    0.0564
    0.0812
    0.2640
    0.0679
    0.0641
    0.1910
    0.0570
    0.0812
    0.2643
    0.0677
    0.0638
    0.1912
    0.0576
    0.0811
    0.2647
    0.0675
    0.0635
    0.1915
    0.0582
    0.0810
    0.2651
    0.0673
    0.0632
    0.1917
    0.0588
    0.0809
    0.2655
    0.0671
    0.0630
    0.1919
    0.0594
    0.0809
    0.2660
    0.0669
    0.0628
    0.1923
    0.0600
    0.0810
    0.2665
    0.0667
    0.0626
    0.1926
    0.0606
    0.0811
    0.2670
    0.0665
    0.0624
    0.1929
    0.0612
    0.0812
    0.2675
    0.0663
    0.0623
    0.1933
    0.0618
    0.0812
    0.2680
    0.0661
    0.0621
    0.1936
    0.0624
    0.0813
    0.2687
    0.0658
    0.0621
    0.1940
    0.0629
    0.0818
    0.2694
    0.0654
    0.0622
    0.1945
    0.0634
    0.0822
    0.2702
    0.0651
    0.0623
    0.1949
    0.0639
    0.0826
    0.2709
    0.0647
    0.0623
    0.1954
    0.0644
    0.0830
    0.2716
    0.0644
    0.0624
    0.1958
    0.0649
    0.0834
    0.2727
    0.0638
    0.0627
    0.1965
    0.0652
    0.0842
    0.2738
    0.0632
    0.0630
    0.1971
    0.0655
    0.0849
    0.2748
    0.0626
    0.0633
    0.1977
    0.0658
    0.0857
    0.2759
    0.0620
    0.0637
    0.1983
    0.0661
    0.0865
    0.2770
    0.0614
    0.0640
    0.1990
    0.0663
    0.0872
    0.2785
    0.0605
    0.0645
    0.1998
    0.0665
    0.0884
    0.2801
    0.0596
    0.0651
    0.2007
    0.0666
    0.0895
    0.2816
    0.0588
    0.0656
    0.2016
    0.0668
    0.0907
    0.2831
    0.0579
    0.0662
    0.2024
    0.0669
    0.0918
    0.2846
    0.0570
    0.0668
    0.2033
    0.0670
    0.0930
    0.2868
    0.0560
    0.0678
    0.2046
    0.0671
    0.0948
    0.2891
    0.0549
    0.0689
    0.2059
    0.0672
    0.0966
    0.2913
    0.0539
    0.0700
    0.2073
    0.0672
    0.0984
    0.2935
    0.0528
    0.0711
    0.2086
    0.0673
    0.1003
    0.2957
    0.0517
    0.0722
    0.2099
    0.0674
    0.1021
    0.2983
    0.0506
    0.0737
    0.2115
    0.0674
    0.1044
    0.3008
    0.0495
    0.0752
    0.2131
    0.0673
    0.1068
    0.3034
    0.0484
    0.0768
    0.2147
    0.0673
    0.1092
    0.3059
    0.0472
    0.0783
    0.2162
    0.0673
    0.1116
    0.3084
    0.0461
    0.0798
    0.2178
    0.0673
    0.1139
    0.3116
    0.0450
    0.0821
    0.2198
    0.0672
    0.1172
    0.3147
    0.0438
    0.0844
    0.2219
    0.0671
    0.1206
    0.3178
    0.0426
    0.0866
    0.2239
    0.0671
    0.1239
    0.3209
    0.0414
    0.0889
    0.2259
    0.0670
    0.1272
    0.3240
    0.0403
    0.0912
    0.2279
    0.0669
    0.1305
    0.3273
    0.0392
    0.0941
    0.2302
    0.0668
    0.1347
    0.3306
    0.0381
    0.0970
    0.2324
    0.0667
    0.1388
    0.3340
    0.0371
    0.0999
    0.2346
    0.0666
    0.1429
    0.3373
    0.0360
    0.1029
    0.2369
    0.0665
    0.1470
    0.3406
    0.0349
    0.1058
    0.2391
    0.0664
    0.1511
    0.3439
    0.0341
    0.1092
    0.2415
    0.0663
    0.1558
    0.3472
    0.0334
    0.1126
    0.2438
    0.0662
    0.1604
    0.3505
    0.0326
    0.1160
    0.2462
    0.0660
    0.1650
    0.3537
    0.0318
    0.1194
    0.2485
    0.0659
    0.1697
    0.3570
    0.0310
    0.1228
    0.2509
    0.0658
    0.1743
    0.3603
    0.0307
    0.1270
    0.2535
    0.0658
    0.1797
    0.3636
    0.0304
    0.1311
    0.2560
    0.0657
    0.1851
    0.3669
    0.0301
    0.1352
    0.2586
    0.0657
    0.1905
    0.3701
    0.0298
    0.1394
    0.2611
    0.0656
    0.1959
    0.3734
    0.0295
    0.1435
    0.2637
    0.0656
    0.2013
    0.3765
    0.0298
    0.1482
    0.2663
    0.0657
    0.2072
    0.3796
    0.0300
    0.1528
    0.2690
    0.0658
    0.2130
    0.3827
    0.0302
    0.1575
    0.2716
    0.0659
    0.2189
    0.3858
    0.0305
    0.1621
    0.2743
    0.0660
    0.2248
    0.3888
    0.0307
    0.1668
    0.2769
    0.0661
    0.2306
    0.3922
    0.0318
    0.1725
    0.2801
    0.0665
    0.2375
    0.3956
    0.0329
    0.1783
    0.2834
    0.0669
    0.2443
    0.3990
    0.0340
    0.1840
    0.2866
    0.0673
    0.2512
    0.4023
    0.0352
    0.1898
    0.2898
    0.0677
    0.2580
    0.4057
    0.0363
    0.1955
    0.2930
    0.0681
    0.2649
    0.4092
    0.0380
    0.2019
    0.2965
    0.0687
    0.2724
    0.4127
    0.0398
    0.2084
    0.3001
    0.0693
    0.2798
    0.4161
    0.0416
    0.2148
    0.3036
    0.0699
    0.2873
    0.4196
    0.0434
    0.2212
    0.3071
    0.0705
    0.2948
    0.4231
    0.0451
    0.2277
    0.3107
    0.0712
    0.3022
    0.4266
    0.0475
    0.2346
    0.3144
    0.0720
    0.3101
    0.4301
    0.0500
    0.2416
    0.3182
    0.0728
    0.3179
    0.4337
    0.0524
    0.2486
    0.3220
    0.0736
    0.3258
    0.4372
    0.0548
    0.2556
    0.3258
    0.0744
    0.3337
    0.4407
    0.0572
    0.2625
    0.3295
    0.0752
    0.3415
    0.4441
    0.0598
    0.2697
    0.3333
    0.0761
    0.3496
    0.4476
    0.0624
    0.2769
    0.3370
    0.0770
    0.3577
    0.4510
    0.0649
    0.2840
    0.3408
    0.0779
    0.3658
    0.4544
    0.0675
    0.2912
    0.3446
    0.0788
    0.3738
    0.4579
    0.0701
    0.2983
    0.3483
    0.0797
    0.3819
    0.4604
    0.0723
    0.3044
    0.3512
    0.0805
    0.3888
    0.4629
    0.0745
    0.3105
    0.3541
    0.0813
    0.3957
    0.4655
    0.0766
    0.3165
    0.3570
    0.0820
    0.4026
    0.4680
    0.0788
    0.3226
    0.3598
    0.0828
    0.4096
    0.4706
    0.0810
    0.3287
    0.3627
    0.0836
    0.4165
    0.4718
    0.0821
    0.3330
    0.3643
    0.0841
    0.4217
    0.4731
    0.0832
    0.3373
    0.3659
    0.0845
    0.4269
    0.4744
    0.0844
    0.3416
    0.3674
    0.0850
    0.4322
    0.4757
    0.0855
    0.3459
    0.3690
    0.0855
    0.4374
    0.4770
    0.0867
    0.3502
    0.3706
    0.0859
    0.4426
    0.4770
    0.0867
    0.3524
    0.3707
    0.0861
    0.4457
    0.4769
    0.0867
    0.3546
    0.3709
    0.0862
    0.4488
    0.4769
    0.0867
    0.3568
    0.3711
    0.0863
    0.4519
    0.4769
    0.0867
    0.3589
    0.3712
    0.0864
    0.4550
    0.4769
    0.0867
    0.3611
    0.3714
    0.0865
    0.4580
    0.4759
    0.0859
    0.3618
    0.3706
    0.0864
    0.4595
    0.4750
    0.0851
    0.3624
    0.3697
    0.0863
    0.4610
    0.4740
    0.0844
    0.3631
    0.3689
    0.0862
    0.4624
    0.4730
    0.0836
    0.3637
    0.3680
    0.0860
    0.4639
    0.4720
    0.0828
    0.3643
    0.3672
    0.0859
    0.4654
    0.4704
    0.0815
    0.3640
    0.3657
    0.0856
    0.4658
    0.4688
    0.0803
    0.3636
    0.3641
    0.0853
    0.4662
    0.4671
    0.0790
    0.3633
    0.3626
    0.0850
    0.4666
    0.4655
    0.0777
    0.3629
    0.3611
    0.0847
    0.4670
    0.4639
    0.0764
    0.3625
    0.3596
    0.0843
    0.4674
    0.4617
    0.0750
    0.3613
    0.3576
    0.0839
    0.4667
    0.4596
    0.0735
    0.3600
    0.3556
    0.0834
    0.4660
    0.4575
    0.0720
    0.3588
    0.3537
    0.0830
    0.4652
    0.4554
    0.0705
    0.3575
    0.3517
    0.0825
    0.4645
    0.4532
    0.0690
    0.3563
    0.3497
    0.0821
    0.4638
    0.4505
    0.0674
    0.3543
    0.3472
    0.0815
    0.4622
    0.4478
    0.0657
    0.3523
    0.3447
    0.0809
    0.4607
    0.4451
    0.0641
    0.3503
    0.3422
    0.0803
    0.4592
    0.4424
    0.0624
    0.3483
    0.3397
    0.0797
    0.4576
    0.4397
    0.0608
    0.3464
    0.3371
    0.0791
    0.4561
    0.4368
    0.0591
    0.3442
    0.3345
    0.0784
    0.4543
    0.4340
    0.0575
    0.3420
    0.3319
    0.0778
    0.4526
    0.4312
    0.0558
    0.3399
    0.3293
    0.0772
    0.4509
    0.4283
    0.0542
    0.3377
    0.3266
    0.0766
    0.4492
    0.4255
    0.0525
    0.3356
    0.3240
    0.0760
    0.4474
    0.4224
    0.0507
    0.3331
    0.3212
    0.0754
    0.4454
    0.4194
    0.0488
    0.3306
    0.3183
    0.0747
    0.4433
    0.4163
    0.0470
    0.3281
    0.3154
    0.0741
    0.4413
    0.4132
    0.0452
    0.3256
    0.3126
    0.0735
    0.4392
    0.4102
    0.0434
    0.3232
    0.3097
    0.0729
    0.4372
    0.4071
    0.0415
    0.3206
    0.3069
    0.0723
    0.4350
    0.4040
    0.0397
    0.3180
    0.3040
    0.0716
    0.4328
    0.4009
    0.0379
    0.3154
    0.3011
    0.0710
    0.4306
    0.3979
    0.0360
    0.3128
    0.2982
    0.0704
    0.4284
    0.3948
    0.0342
    0.3102
    0.2953
    0.0698
    0.4262
    0.3919
    0.0326
    0.3078
    0.2927
    0.0692
    0.4240
    0.3891
    0.0309
    0.3053
    0.2900
    0.0686
    0.4218
    0.3862
    0.0293
    0.3028
    0.2873
    0.0680
    0.4196
    0.3834
    0.0276
    0.3003
    0.2847
    0.0674
    0.4174
    0.3805
    0.0260
    0.2979
    0.2820
    0.0669
    0.4152
    0.3778
    0.0247
    0.2955
    0.2795
    0.0663
    0.4128
    0.3751
    0.0235
    0.2932
    0.2771
    0.0658
    0.4105
    0.3723
    0.0223
    0.2909
    0.2746
    0.0652
    0.4081
    0.3696
    0.0210
    0.2886
    0.2721
    0.0647
    0.4057
    0.3668
    0.0198
    0.2862
    0.2696
    0.0641
    0.4034
    0.3642
    0.0187
    0.2838
    0.2672
    0.0635
    0.4006
    0.3615
    0.0176
    0.2813
    0.2648
    0.0628
    0.3979
    0.3588
    0.0165
    0.2789
    0.2624
    0.0622
    0.3951
    0.3561
    0.0154
    0.2764
    0.2600
    0.0616
    0.3923
    0.3534
    0.0144
    0.2740
    0.2575
    0.0609
    0.3895
    0.3509
    0.0137
    0.2717
    0.2553
    0.0603
    0.3866
    0.3484
    0.0129
    0.2694
    0.2531
    0.0597
    0.3837
    0.3458
    0.0122
    0.2671
    0.2509
    0.0591
    0.3808
    0.3433
    0.0115
    0.2648
    0.2487
    0.0585
    0.3779
    0.3408
    0.0108
    0.2625
    0.2464
    0.0579
    0.3750
    0.3381
    0.0104
    0.2600
    0.2441
    0.0572
    0.3715
    0.3354
    0.0099
    0.2575
    0.2418
    0.0565
    0.3681
    0.3328
    0.0095
    0.2550
    0.2394
    0.0558
    0.3647
    0.3301
    0.0090
    0.2525
    0.2371
    0.0551
    0.3612
    0.3274
    0.0086
    0.2500
    0.2347
    0.0544
    0.3578
    0.3244
    0.0083
    0.2472
    0.2322
    0.0536
    0.3538
    0.3215
    0.0080
    0.2444
    0.2296
    0.0528
    0.3498
    0.3185
    0.0077
    0.2416
    0.2270
    0.0520
    0.3458
    0.3155
    0.0074
    0.2388
    0.2244
    0.0513
    0.3418
    0.3125
    0.0071
    0.2360
    0.2218
    0.0505
    0.3379
    0.3098
    0.0071
    0.2333
    0.2194
    0.0497
    0.3338
    0.3071
    0.0070
    0.2306
    0.2170
    0.0490
    0.3298
    0.3043
    0.0069
    0.2279
    0.2146
    0.0482
    0.3258
    0.3016
    0.0068
    0.2251
    0.2122
    0.0475
    0.3217
    0.2988
    0.0067
    0.2224
    0.2097
    0.0468
    0.3177
    0.2964
    0.0068
    0.2200
    0.2076
    0.0461
    0.3138
    0.2939
    0.0069
    0.2176
    0.2055
    0.0455
    0.3100
    0.2915
    0.0070
    0.2151
    0.2033
    0.0448
    0.3061
    0.2890
    0.0072
    0.2127
    0.2012
    0.0442
    0.3023
    0.2866
    0.0073
    0.2103
    0.1990
    0.0435
    0.2985
    0.2844
    0.0076
    0.2081
    0.1972
    0.0430
    0.2948
    0.2823
    0.0080
    0.2060
    0.1953
    0.0425
    0.2912
    0.2801
    0.0084
    0.2038
    0.1934
    0.0420
    0.2876
    0.2780
    0.0087
    0.2017
    0.1916
    0.0415
    0.2840
    0.2759
    0.0091
    0.1995
    0.1897
    0.0410
    0.2804
    0.2740
    0.0095
    0.1976
    0.1881
    0.0405
    0.2771
    0.2721
    0.0100
    0.1957
    0.1864
    0.0401
    0.2738
    0.2702
    0.0104
    0.1938
    0.1848
    0.0397
    0.2705
    0.2683
    0.0109
    0.1919
    0.1831
    0.0393
    0.2671
    0.2664
    0.0113
    0.1899
    0.1815
    0.0388
    0.2638
    0.2650
    0.0119
    0.1885
    0.1802
    0.0386
    0.2612
    0.2636
    0.0124
    0.1871
    0.1790
    0.0383
    0.2585
    0.2621
    0.0129
    0.1857
    0.1777
    0.0380
    0.2559
    0.2607
    0.0135
    0.1843
    0.1765
    0.0377
    0.2532
    0.2592
    0.0140
    0.1829
    0.1752
    0.0374
    0.2506
    0.2581
    0.0146
    0.1819
    0.1743
    0.0372
    0.2485
    0.2570
    0.0152
    0.1809
    0.1734
    0.0371
    0.2464
    0.2559
    0.0158
    0.1799
    0.1725
    0.0369
    0.2443
    0.2547
    0.0165
    0.1789
    0.1716
    0.0367
    0.2422
    0.2536
    0.0171
    0.1779
    0.1707
    0.0365
    0.2401
    0.2528
    0.0175
    0.1771
    0.1700
    0.0364
    0.2384
    0.2520
    0.0180
    0.1763
    0.1694
    0.0363
    0.2368
    0.2511
    0.0185
    0.1755
    0.1687
    0.0362
    0.2351
    0.2503
    0.0189
    0.1747
    0.1680
    0.0361
    0.2334
    0.2495
    0.0194
    0.1739
    0.1674
    0.0360
    0.2318
    0.2488
    0.0198
    0.1732
    0.1669
    0.0359
    0.2305
    0.2481
    0.0201
    0.1726
    0.1663
    0.0358
    0.2292
    0.2474
    0.0204
    0.1719
    0.1658
    0.0357
    0.2279
    0.2467
    0.0208
    0.1713
    0.1653
    0.0357
    0.2266
    0.2460
    0.0211
    0.1706
    0.1647
    0.0356
    0.2253
    0.2455
    0.0214
    0.1702
    0.1645
    0.0356
    0.2244
    0.2451
    0.0217
    0.1697
    0.1642
    0.0355
    0.2234
    0.2446
    0.0220
    0.1693
    0.1639
    0.0355
    0.2224
    0.2442
    0.0223
    0.1688
    0.1636
    0.0355
    0.2215
    0.2438
    0.0226
    0.1683
    0.1634
    0.0355
    0.2205
    0.2436
    0.0229
    0.1682
    0.1634
    0.0355
    0.2199
    0.2434
    0.0231
    0.1680
    0.1634
    0.0356
    0.2193
    0.2433
    0.0234
    0.1678
    0.1633
    0.0356
    0.2187
    0.2431
    0.0237
    0.1676
    0.1633
    0.0356
    0.2181
    0.2430
    0.0240
    0.1674
    0.1633
    0.0357
    0.2175
    0.2430
    0.0243
    0.1674
    0.1635
    0.0357
    0.2172
    0.2431
    0.0245
    0.1674
    0.1637
    0.0358
    0.2169
    0.2432
    0.0248
    0.1674
    0.1639
    0.0359
    0.2165
    0.2432
    0.0251
    0.1674
    0.1640
    0.0359
    0.2162
    0.2433
    0.0253
    0.1675
    0.1642
    0.0360
    0.2159
    0.2436
    0.0257
    0.1677
    0.1647
    0.0361
    0.2159
    0.2440
    0.0260
    0.1679
    0.1651
    0.0363
    0.2158
    0.2443
    0.0264
    0.1681
    0.1656
    0.0364
    0.2158
    0.2446
    0.0268
    0.1683
    0.1660
    0.0365
    0.2157
    0.2450
    0.0271
    0.1685
    0.1665
    0.0367
    0.2156
    0.2455
    0.0275
    0.1690
    0.1671
    0.0368
    0.2159
    0.2461
    0.0279
    0.1694
    0.1678
    0.0370
    0.2161
    0.2466
    0.0283
    0.1699
    0.1684
    0.0371
    0.2164
    0.2472
    0.0287
    0.1704
    0.1691
    0.0373
    0.2166
    0.2478
    0.0291
    0.1708
    0.1697
    0.0374
    0.2168
    0.2486
    0.0297
    0.1716
    0.1706
    0.0376
    0.2174
    0.2494
    0.0302
    0.1724
    0.1716
    0.0378
    0.2180
    0.2503
    0.0307
    0.1732
    0.1725
    0.0380
    0.2186
    0.2511
    0.0313
    0.1740
    0.1734
    0.0382
    0.2192
    0.2519
    0.0318
    0.1748
    0.1743
    0.0384
    0.2198
    0.2529
    0.0324
    0.1758
    0.1753
    0.0386
    0.2207
    0.2538
    0.0329
    0.1768
    0.1763
    0.0389
    0.2215
    0.2548
    0.0335
    0.1777
    0.1773
    0.0391
    0.2223
    0.2557
    0.0340
    0.1787
    0.1783
    0.0393
    0.2231
    0.2566
    0.0346
    0.1797
    0.1793
    0.0395
    0.2239
    0.2579
    0.0353
    0.1811
    0.1806
    0.0398
    0.2251
    0.2591
    0.0361
    0.1825
    0.1818
    0.0401
    0.2264
    0.2604
    0.0369
    0.1839
    0.1831
    0.0404
    0.2276
    0.2616
    0.0376
    0.1853
    0.1844
    0.0407
    0.2288
    0.2628
    0.0384
    0.1867
    0.1856
    0.0409
    0.2301
    0.2641
    0.0394
    0.1883
    0.1870
    0.0412
    0.2315
    0.2654
    0.0403
    0.1900
    0.1883
    0.0416
    0.2330
    0.2668
    0.0413
    0.1917
    0.1897
    0.0419
    0.2345
    0.2681
    0.0422
    0.1933
    0.1911
    0.0422
    0.2359
    0.2694
    0.0432
    0.1950
    0.1924
    0.0425
    0.2374
    0.2708
    0.0444
    0.1969
    0.1939
    0.0429
    0.2390
    0.2721
    0.0456
    0.1987
    0.1953
    0.0433
    0.2406
    0.2735
    0.0468
    0.2006
    0.1968
    0.0436
    0.2422
    0.2749
    0.0480
    0.2025
    0.1983
    0.0440
    0.2438
    0.2763
    0.0492
    0.2044
    0.1998
    0.0444
    0.2455
    0.2776
    0.0506
    0.2063
    0.2012
    0.0448
    0.2470
    0.2789
    0.0520
    0.2082
    0.2026
    0.0452
    0.2486
    0.2802
    0.0533
    0.2101
    0.2040
    0.0457
    0.2502
    0.2815
    0.0547
    0.2120
    0.2054
    0.0461
    0.2518
    0.2828
    0.0560
    0.2138
    0.2069
    0.0465
    0.2534
    0.2843
    0.0578
    0.2162
    0.2085
    0.0470
    0.2554
    0.2858
    0.0596
    0.2186
    0.2102
    0.0475
    0.2573
    0.2873
    0.0613
    0.2209
    0.2119
    0.0481
    0.2593
    0.2888
    0.0631
    0.2233
    0.2136
    0.0486
    0.2613
    0.2904
    0.0649
    0.2256
    0.2153
    0.0491
    0.2632
    0.2917
    0.0666
    0.2278
    0.2169
    0.0497
    0.2650
    0.2930
    0.0684
    0.2300
    0.2184
    0.0502
    0.2668
    0.2943
    0.0702
    0.2322
    0.2199
    0.0507
    0.2686
    0.2956
    0.0719
    0.2344
    0.2214
    0.0512
    0.2704
    0.2969
    0.0737
    0.2366
    0.2230
    0.0518
    0.2722
    0.2979
    0.0754
    0.2385
    0.2242
    0.0523
    0.2736
    0.2990
    0.0771
    0.2404
    0.2255
    0.0528
    0.2750
    0.3000
    0.0788
    0.2423
    0.2268
    0.0533
    0.2765
    0.3010
    0.0804
    0.2441
    0.2281
    0.0537
    0.2779
    0.3021
    0.0821
    0.2460
    0.2294
    0.0542
    0.2793
    0.3027
    0.0834
    0.2473
    0.2303
    0.0546
    0.2802
    0.3033
    0.0847
    0.2486
    0.2311
    0.0549
    0.2811
    0.3039
    0.0860
    0.2499
    0.2320
    0.0553
    0.2821
    0.3045
    0.0874
    0.2513
    0.2328
    0.0556
    0.2830
    0.3051
    0.0887
    0.2526
    0.2337
    0.0560
    0.2839
    0.3055
    0.0896
    0.2533
    0.2342
    0.0563
    0.2843
    0.3058
    0.0906
    0.2541
    0.2347
    0.0566
    0.2847
    0.3061
    0.0915
    0.2548
    0.2352
    0.0569
    0.2852
    0.3064
    0.0925
    0.2556
    0.2358
    0.0572
    0.2856
    0.3068
    0.0934
    0.2563
    0.2363
    0.0575
    0.2860
    0.3069
    0.0943
    0.2568
    0.2366
    0.0578
    0.2862
    0.3069
    0.0951
    0.2573
    0.2369
    0.0581
    0.2864
    0.3070
    0.0960
    0.2578
    0.2372
    0.0584
    0.2866
    0.3071
    0.0968
    0.2583
    0.2375
    0.0587
    0.2868
    0.3072
    0.0977
    0.2588
    0.2378
    0.0590
    0.2869
    0.3075
    0.0983
    0.2593
    0.2383
    0.0594
    0.2873
    0.3078
    0.0990
    0.2599
    0.2387
    0.0597
    0.2876
    0.3081
    0.0997
    0.2605
    0.2392
    0.0601
    0.2880
    0.3084
    0.1003
    0.2611
    0.2396
    0.0604
    0.2884
    0.3087
    0.1010
    0.2617
    0.2400
    0.0608
    0.2887
    0.3089
    0.1016
    0.2621
    0.2405
    0.0611
    0.2890
    0.3092
    0.1021
    0.2626
    0.2409
    0.0615
    0.2893
    0.3095
    0.1027
    0.2630
    0.2413
    0.0618
    0.2896
    0.3097
    0.1033
    0.2635
    0.2417
    0.0621
    0.2898
    0.3100
    0.1039
    0.2640
    0.2421
    0.0625
    0.2901
    0.3107
    0.1044
    0.2646
    0.2428
    0.0630
    0.2907
    0.3113
    0.1050
    0.2653
    0.2435
    0.0635
    0.2913
    0.3119
    0.1056
    0.2660
    0.2442
    0.0640
    0.2919
    0.3126
    0.1062
    0.2667
    0.2449
    0.0646
    0.2925
    0.3132
    0.1068
    0.2673
    0.2457
    0.0651
    0.2931
    0.3140
    0.1074
    0.2681
    0.2465
    0.0657
    0.2938
    0.3149
    0.1080
    0.2689
    0.2474
    0.0663
    0.2945
    0.3157
    0.1086
    0.2696
    0.2483
    0.0669
    0.2952
    0.3166
    0.1092
    0.2704
    0.2492
    0.0675
    0.2959
    0.3174
    0.1098
    0.2711
    0.2501
    0.0681
    0.2966
    0.3180
    0.1101
    0.2713
    0.2507
    0.0688
    0.2969
    0.3185
    0.1104
    0.2715
    0.2513
    0.0694
    0.2971
    0.3191
    0.1107
    0.2717
    0.2519
    0.0700
    0.2973
    0.3196
    0.1111
    0.2719
    0.2525
    0.0706
    0.2975
    0.3202
    0.1114
    0.2721
    0.2530
    0.0712
    0.2978
    0.3211
    0.1120
    0.2728
    0.2540
    0.0720
    0.2984
    0.3219
    0.1126
    0.2734
    0.2549
    0.0728
    0.2991
    0.3228
    0.1131
    0.2741
    0.2558
    0.0736
    0.2997
    0.3237
    0.1137
    0.2747
    0.2567
    0.0743
    0.3004
    0.3245
    0.1143
    0.2754
    0.2576
    0.0751
    0.3010
    0.3254
    0.1147
    0.2759
    0.2585
    0.0759
    0.3015
    0.3263
    0.1152
    0.2764
    0.2594
    0.0768
    0.3021
    0.3272
    0.1156
    0.2770
    0.2603
    0.0776
    0.3026
    0.3281
    0.1161
    0.2775
    0.2612
    0.0784
    0.3031
    0.3290
    0.1165
    0.2780
    0.2621
    0.0793
    0.3036
    0.3299
    0.1170
    0.2786
    0.2631
    0.0801
    0.3042
    0.3307
    0.1176
    0.2792
    0.2640
    0.0810
    0.3047
    0.3316
    0.1181
    0.2797
    0.2649
    0.0819
    0.3053
    0.3325
    0.1186
    0.2803
    0.2658
    0.0828
    0.3058
    0.3334
    0.1191
    0.2809
    0.2667
    0.0836
    0.3064
    0.3336
    0.1194
    0.2807
    0.2670
    0.0842
    0.3062
    0.3337
    0.1196
    0.2806
    0.2672
    0.0847
    0.3060
    0.3339
    0.1198
    0.2804
    0.2675
    0.0852
    0.3058
    0.3340
    0.1201
    0.2803
    0.2677
    0.0858
    0.3056
    0.3342
    0.1203
    0.2801
    0.2679
    0.0863
    0.3054
    0.3330
    0.1201
    0.2781
    0.2669
    0.0864
    0.3034
    0.3318
    0.1199
    0.2762
    0.2659
    0.0865
    0.3014
    0.3305
    0.1196
    0.2742
    0.2648
    0.0866
    0.2994
    0.3293
    0.1194
    0.2722
    0.2638
    0.0867
    0.2974
    0.3281
    0.1192
    0.2703
    0.2627
    0.0868
    0.2954
    0.3270
    0.1190
    0.2684
    0.2618
    0.0869
    0.2934
    0.3259
    0.1189
    0.2665
    0.2609
    0.0871
    0.2914
    0.3248
    0.1187
    0.2646
    0.2600
    0.0872
    0.2894
    0.3237
    0.1185
    0.2627
    0.2590
    0.0874
    0.2874
    0.3226
    0.1184
    0.2607
    0.2581
    0.0875
    0.2854
    0.3219
    0.1186
    0.2595
    0.2576
    0.0878
    0.2840
    0.3212
    0.1188
    0.2583
    0.2572
    0.0881
    0.2825
    0.3204
    0.1191
    0.2570
    0.2567
    0.0884
    0.2811
    0.3197
    0.1193
    0.2558
    0.2562
    0.0887
    0.2796
    0.3190
    0.1195
    0.2545
    0.2557
    0.0890
    0.2782
