0.026304941543067062

-3.820652285499214e-13
0.0007723134637219138
0.0009762006540994467
-0.0008258838581630186
-1.5517816247487756e-05
-9.700449715091169e-06
-1.7492815150601193e-06
-2.205087780481209e-05
2.643910587319005e-05
-9.456012258612086e-06
1.0697341042188233e-07
8.06158564465729e-09
7.222942479385513e-08
1.2876742283000954e-07
-1.513365698833364e-07
7.095228091934731e-08
1.4190272767657266e-07
-4.193177233333657e-08
-1.8435206532413265e-07
1.5084599035614217e-07
-2.3092543980793378e-10
6.761196422439344e-11
-2.0870019661727893e-10
-2.6561559668626665e-10
3.808472583102302e-10
-2.3724583493270854e-10
-1.853849699961774e-10
-8.69872368731002e-11
4.66531294023214e-10
-2.3799856088906753e-10
-3.19097759545827e-10
9.607653804847259e-11
8.86606188554278e-11
3.361678859472115e-10
-3.7944206522697333e-10
