0.027077322281248165

-3.9248061172382626e-13
0.0008064761729945023
0.0010008521369558032
-0.0008595456121384525
-1.621263426732397e-05
-1.006454647081263e-05
-1.6479028925292025e-06
-2.2748718666022752e-05
2.7554575774944247e-05
-9.742073626108717e-06
1.1133543272536092e-07
9.204098999228706e-09
7.369517062777447e-08
1.3257251964667123e-07
-1.5600985496282656e-07
7.19937624717501e-08
1.4659505611938018e-07
-4.5109883136385246e-08
-1.912028012997456e-07
1.5638299734377877e-07
-2.398341409019562e-10
6.700461864015944e-11
-2.1368316085689596e-10
-2.7204706940968673e-10
3.9032093555067386e-10
-2.4140946270024707e-10
-1.9253140041934052e-10
-8.588979558966834e-11
4.803640317395169e-10
-2.433826471895986e-10
-3.295158858628174e-10
9.98713256090104e-11
9.749894138012688e-11
3.4695699277539087e-10
-3.937751634925998e-10
