0.09462842437151733

8.300584978120092e-13
-0.00024028054768388863
-0.0007541325307001507
-0.0010102408291957426
-1.6942768247673195e-05
1.6481294894577955e-05
-4.0527535009193193e-07
-1.4271644654372494e-05
5.343247458097636e-05
-2.0680527385494723e-05
1.5901438384111606e-07
-1.1916848049742643e-07
7.651913256993503e-08
4.373507880333115e-08
-2.8960630913256057e-07
1.3203834928737157e-07
1.384617749539868e-07
-1.3123049595235227e-07
-3.319158748686765e-07
2.909243783305786e-07
-3.8408685733087416e-10
2.7266416675325047e-10
-2.604894327424918e-10
-6.388478847931905e-11
6.725916949204406e-10
-3.0635720607114267e-10
-1.239928565681871e-10
1.466786358266415e-10
6.690636924588705e-10
-4.3898068976153483e-10
-3.436004082351749e-10
1.3316584837290967e-10
3.286579468031704e-10
5.943364803558395e-10
-7.197943742393844e-10
