0.11326585808634104

1.4532643928976438e-12
-0.0009152376927649974
-0.0018047948752355637
-0.0007896454197109077
-1.0101094711116049e-05
2.9854595657149275e-05
-3.685920927890101e-06
1.264833866802706e-06
5.105032704460644e-05
-1.7580906827233792e-05
1.3166333858873003e-07
-1.8415311630848473e-07
7.092140024831045e-08
-2.3403861358353542e-08
-2.783284788447878e-07
1.526573992453895e-07
4.164828069599281e-08
-1.1976842910100612e-07
-3.356244779146338e-07
2.662691535223008e-07
-3.451516646677484e-10
3.7346574645271447e-10
-2.3365368564053185e-10
7.49381503377932e-11
6.558658046942235e-10
-3.1589536292025587e-10
-4.927160171237201e-11
2.319522950659919e-10
5.662131071562873e-10
-4.681560998180654e-10
-1.1691082060345392e-10
7.201639052408535e-11
3.239690251438861e-10
6.695982430153711e-10
-6.752448464804765e-10
