0.11415151583196453

1.5083272690603728e-12
-0.000960359804026644
-0.001911589931874429
-0.0007707007275650681
-9.347064886464095e-06
3.0798834788303356e-05
-4.370453873716378e-06
3.597148143471164e-06
5.023762392051072e-05
-1.647077770842628e-05
1.2761405339527457e-07
-1.8940847804350632e-07
7.097764712301191e-08
-2.872651635715522e-08
-2.7254508630408483e-07
1.5435896907088586e-07
2.4396900332495896e-08
-1.1583047105680796e-07
-3.359843960785143e-07
2.58693119767773e-07
-3.376143059593053e-10
3.8221986501951186e-10
-2.2987138869350265e-10
8.713210906555808e-11
6.435839334888691e-10
-3.177937199670939e-10
-4.630450084763852e-11
2.4049977694130457e-10
5.458942160623502e-10
-4.67848395256765e-10
-7.288592743114415e-11
5.95380751754467e-11
3.206791767911876e-10
6.845187283158035e-10
-6.61853040128204e-10
