0.11478667141124593

1.5462688858047973e-12
-0.0009920811560688975
-0.0019855033429741166
-0.0007566920387492872
-8.81742756597236e-06
3.144220650655934e-05
-4.816931219851811e-06
5.2047789107185885e-06
4.967806991370388e-05
-1.575198405449213e-05
1.2474138131836157e-07
-1.9295695365540451e-07
7.098822850183013e-08
-3.227492355860491e-08
-2.6878213069084674e-07
1.5542897668842238e-07
1.2483486158735664e-08
-1.1318279468287588e-07
-3.3595568245996637e-07
2.5367939850604365e-07
-3.322219277622198e-10
3.8809868438495887e-10
-2.2731380633092144e-10
9.541327917145741e-11
6.353012619432338e-10
-3.18997348712465e-10
-4.4708486034816954e-11
2.4684597368926686e-10
5.322942955426916e-10
-4.674932994868126e-10
-4.229271100976288e-11
5.106996985095958e-11
3.1822558277238583e-10
6.93824744629795e-10
-6.528750994126201e-10
