0.1155275518358378

1.6953471875648856e-12
-0.00107912978674773
-0.002343239084454969
-0.0006719132480228025
-6.363264103137617e-06
3.286174647769196e-05
-6.0740979231427015e-06
1.4106536777930434e-05
4.634399395364536e-05
-1.262458091371683e-05
1.0742424176867735e-07
-1.9942557237624413e-07
6.83114054486266e-08
-4.152005630507483e-08
-2.4844782918217486e-07
1.50627294269506e-07
-5.7630307607010236e-08
-1.0284920735518522e-07
-3.2405560619469804e-07
2.290072012765193e-07
-2.93953507551593e-10
3.9464608285207795e-10
-2.0895329493019954e-10
1.2986547787410673e-10
5.698130601623224e-10
-3.098864359913474e-10
-6.754720784095383e-11
3.0332001115286487e-10
4.5867034916098144e-10
-4.431733319587259e-10
1.495095965777842e-10
7.887872650200277e-12
3.081696983022363e-10
7.044731769540389e-10
-6.049257787494364e-10
