0.1132560203506201

1.6929294617827535e-12
-0.0010255499525154102
-0.0024196263442145378
-0.0006432581167153383
-6.0640421186082006e-06
3.157285222413601e-05
-5.6425245216503876e-06
1.709798113310094e-05
4.509962203243256e-05
-1.203716978265126e-05
1.0128220911204717e-07
-1.9093553249129172e-07
6.54263140278301e-08
-3.663639873123033e-08
-2.406265019368372e-07
1.4058650159517702e-07
-8.449570294995915e-08
-1.0310869865730723e-07
-3.1223528504052094e-07
2.22461690471853e-07
-2.758729727383503e-10
3.758393534998547e-10
-1.9921184966170239e-10
1.331071599187193e-10
5.295146413555172e-10
-2.940889881934659e-10
-9.954881874123844e-11
3.382384331313928e-10
4.328243363958451e-10
-4.1704813816569986e-10
2.3120930777813368e-10
-3.874084547070721e-12
3.102750893072895e-10
6.79993824748597e-10
-5.898059408348412e-10
