0.10311663562130063

1.573498842184263e-12
-0.0007212131495575426
-0.0025008430459946577
-0.0005779278431081875
-6.610900393124993e-06
2.491787402358882e-05
-2.989156683104457e-06
2.384089496347115e-05
4.226237883183816e-05
-1.1887185858380332e-05
8.76325641760624e-08
-1.49823898869819e-07
5.61013528375431e-08
-7.709516606967578e-09
-2.2224512713071587e-07
1.0117966442126335e-07
-1.5222542605187152e-07
-1.1217900687773383e-07
-2.7044105485419667e-07
2.13332333695495e-07
-2.2591576140070755e-10
2.9119208806569036e-10
-1.7288178590867188e-10
1.2147708967015014e-10
4.023315829189468e-10
-2.349824747779457e-10
-2.259696488175363e-10
4.517555131587216e-10
3.760052046670724e-10
-3.2295045146496224e-10
4.5309536507695447e-10
-2.3573526142365414e-11
3.2719451098508036e-10
5.680646329490502e-10
-5.622633807319624e-10
