0.10151557854770518

1.5476439869900532e-12
-0.000673458936929165
-0.002494160290183331
-0.0005699223436407397
-6.7533747700356975e-06
2.3855151528219454e-05
-2.558470016266399e-06
2.4462339116543566e-05
4.19125705830188e-05
-1.2007660634138866e-05
8.603001705396347e-08
-1.4355492539887987e-07
5.497300171414394e-08
-2.7676110000055587e-09
-2.2040969279876458e-07
9.559525119821058e-08
-1.5956168202933979e-07
-1.1344337311396919e-07
-2.64472061165678e-07
2.129920001883489e-07
-2.1952018277508222e-10
2.7884246858818114e-10
-1.701099939389681e-10
1.1804464918497677e-10
3.86452089696432e-10
-2.2695659784106278e-10
-2.443791478083802e-10
4.660548345565828e-10
3.7090973363867027e-10
-3.1011502930891153e-10
4.791227787231077e-10
-2.5613811477214912e-11
3.290351051672351e-10
5.507040793668206e-10
-5.600555850136699e-10
