0.08586679877576969

1.2804519981385058e-12
-0.00022637713767832712
-0.002386593230434409
-0.00047927566097200487
-7.925124553614287e-06
1.3550078446482412e-05
1.7261960204769997e-06
2.9735365627430217e-05
3.833970526628001e-05
-1.3736268178763347e-05
6.934143110388654e-08
-8.366595552694399e-08
4.4746626893847284e-08
4.666685442719337e-08
-2.0557665455438174e-07
4.214882576336276e-08
-2.25995207910429e-07
-1.2349519340707217e-07
-2.0452081053953183e-07
2.1241444641126305e-07
-1.559110990800713e-10
1.6254657963904445e-10
-1.4670941498688408e-10
8.203197912021171e-11
2.413699955298769e-10
-1.5143683575796507e-10
-4.236312612399797e-10
6.004330023962174e-10
3.302118136890333e-10
-1.8846684392242298e-10
7.218152519387013e-10
-4.713553265781538e-11
3.3972421160880816e-10
3.751029070027011e-10
-5.424147962143271e-10
