0.06636371509409378

8.893603387474211e-13
0.00017016111294431623
-0.0020428626314986605
-0.00027503624994592327
-7.402015785006561e-06
1.893846216673115e-06
7.131388951258163e-06
3.259706142193461e-05
3.2113550884233896e-05
-1.8406232917434254e-05
3.8682216950945445e-08
-2.1136247987644454e-08
3.601699170545921e-08
1.1052421151057468e-07
-2.0102119837704556e-07
-1.6813225504016826e-08
-2.8537044870042267e-07
-1.1772051993199632e-07
-1.1907405248260633e-07
2.220659920588468e-07
-6.34323250441156e-11
5.036111586562606e-11
-1.3570632725794373e-10
3.164152057563446e-11
1.1423891603460752e-10
-7.397552625740094e-11
-6.361219550844365e-10
7.360830364510154e-10
3.194597684414476e-10
-5.868523714996533e-11
9.745815816594601e-10
-9.4081473012292e-11
3.0416814332473236e-10
1.2796125889927623e-10
-5.322187949828017e-10
