0.07991218421470012

5.694030517746747e-13
-0.0012315975827502897
-0.0005019137091042261
0.0003583646529458659
1.2474597762063123e-05
5.082691697265833e-06
1.0341605017218636e-05
1.273022752797784e-05
1.4830677537079406e-05
-3.8973382006626636e-05
-7.420294639358847e-08
-9.262760086241295e-08
7.289304861869857e-08
2.0593492937743905e-07
-3.630015886805193e-07
3.661593592479524e-08
-2.0515805669028345e-07
6.314727823126263e-08
-5.292339514498303e-09
3.031514178743573e-07
1.1887973564411832e-10
2.879837534143006e-10
-3.051544645432993e-10
-1.509795582802109e-10
6.113642674322359e-10
-2.6421276944493626e-10
-7.569228094447278e-10
5.783843856672443e-10
7.360571214832785e-10
-2.2865435545297896e-10
9.36107874351324e-10
-3.214673177925007e-10
-2.1170665139343636e-10
-1.3309622893718553e-10
-6.155069495610344e-10
