0.08174259749616059

5.851712297046174e-13
-0.0013197023020089565
-0.0004766180445704811
0.0003830881583722468
1.3451186276045303e-05
5.8975195528109464e-06
1.023250174764217e-05
1.2172783026786041e-05
1.4281720526403206e-05
-3.9664802305869756e-05
-7.844789180031084e-08
-9.89832080916896e-08
7.468413379914462e-08
2.0644114685418033e-07
-3.7011280993626797e-07
4.146419854804068e-08
-2.0184716757460565e-07
7.045339357306981e-08
-3.0832499397432694e-09
3.0572268324095716e-07
1.2417963036343104e-10
3.0356062244891955e-10
-3.122016932536476e-10
-1.5508249477465969e-10
6.36983294286301e-10
-2.7573240470494054e-10
-7.529276002491743e-10
5.687073384337446e-10
7.524587597932954e-10
-2.4115773277133256e-10
9.300796698734616e-10
-3.2896307210535855e-10
-2.3316350084514473e-10
-1.3518103242852383e-10
-6.180158290475985e-10
