0.08942155205716765

6.606159766704593e-13
-0.0017383847081137622
-0.0003899700780489396
0.0005329008909688858
1.8291230628774624e-05
1.016676850819729e-05
9.397256184466932e-06
1.020401090443994e-05
1.1199115304810925e-05
-4.2832189011915514e-05
-9.993607835763165e-08
-1.3107860676546008e-07
8.330684291422802e-08
2.0448355552348655e-07
-3.9872071575226675e-07
6.387144191208062e-08
-1.9045524139997014e-07
1.0498233144871784e-07
1.0111602875636264e-08
3.1584418782510225e-07
1.5248544612852942e-10
3.7987970205137467e-10
-3.436677368715942e-10
-1.630589931057312e-10
7.447310341109576e-10
-3.266078175456914e-10
-7.294343961565777e-10
5.270090854054401e-10
8.162179688096085e-10
-2.9647277425264745e-10
9.115097964646991e-10
-3.6675066214548363e-10
-3.3266122114655486e-10
-1.4912288051861475e-10
-6.249643573899142e-10
