0.09303859705682302

7.176107777095326e-13
-0.002077565074966586
-0.0003951850037263928
0.0007396425097801408
2.2727835989856206e-05
1.4650092616888714e-05
7.838853373218114e-06
1.0160117509775655e-05
7.495044253878486e-06
-4.521989458175849e-05
-1.2058320005923315e-07
-1.6244409894556194e-07
9.129285388100076e-08
1.9214768084747085e-07
-4.092839605140663e-07
8.11565493898503e-08
-1.9108012355745492e-07
1.3292754927561554e-07
2.748342377258114e-08
3.1948639083649426e-07
1.8290037145526845e-10
4.4937364061480623e-10
-3.6579677612183597e-10
-1.4103800714995526e-10
7.986862477313693e-10
-3.599235589235389e-10
-6.987523711828393e-10
5.022496509449775e-10
8.340332437863147e-10
-3.3263996082933633e-10
9.192516131762826e-10
-4.0280217909551785e-10
-4.085755674521921e-10
-1.7038277939720414e-10
-6.193797140291462e-10
