0.0933736081956128

7.324091151627444e-13
-0.002185187765660927
-0.00041657995341894507
0.0008329206032054442
2.429913916781278e-05
1.6396208162093377e-05
7.0423056957907894e-06
1.0561640686575261e-05
5.944552422456909e-06
-4.596779089094743e-05
-1.2810130152102082e-07
-1.742664787995155e-07
9.440464649803343e-08
1.850254681359658e-07
-4.089347318543188e-07
8.664792507489751e-08
-1.9389762434799715e-07
1.4195527664454096e-07
3.500463431306743e-08
3.195162111232559e-07
1.9470823174651084e-10
4.744849455898472e-10
-3.724389332027257e-10
-1.2551567583530416e-10
8.063039065173647e-10
-3.687649537062501e-10
-6.853295569863577e-10
4.964916265744178e-10
8.300138846171502e-10
-3.420983677477267e-10
9.277272660347992e-10
-4.159000701272962e-10
-4.317975839825684e-10
-1.80113030928387e-10
-6.146610281131442e-10
