0.08842285405304198

7.375119889355811e-13
-0.0024889270327648097
-0.0005988450766018566
0.001306610270405407
2.9793307421860284e-05
2.4124255015900105e-05
2.112393098794475e-06
1.3968875679434481e-05
-9.046073534479601e-07
-4.827873661366274e-05
-1.5425584186223383e-07
-2.25026810725771e-07
1.1006059748809218e-07
1.393978709631691e-07
-3.81389008819243e-07
1.0605493088015726e-07
-2.141610574890594e-07
1.6867342593624725e-07
6.735909838762172e-08
3.139189047526669e-07
2.3804071584827027e-10
5.766587816671733e-10
-3.9414566124385964e-10
-1.704309172709513e-11
7.65388510870368e-10
-3.878151982121504e-10
-6.113154487138062e-10
4.856418435246294e-10
7.524175778946668e-10
-3.626399969554773e-10
9.747686063610382e-10
-4.620360959458226e-10
-4.909352892373776e-10
-2.211479535048453e-10
-5.857011971629117e-10
