0.04650409540252487

5.423512566771702e-13
-0.0027120612070071423
-0.001652558985429344
0.0030548631022278825
3.895682351458712e-05
5.2941740227831904e-05
-2.1848774793199333e-05
2.8712594119298625e-05
-1.9274799346134574e-05
-5.075087168183547e-05
-1.8460773125100756e-07
-3.991189511829087e-07
1.7138504140939933e-07
-1.0272845137340423e-07
-1.696927257424891e-07
1.6372329356367866e-07
-2.6710578161542567e-07
1.763982953371855e-07
1.3720245932702988e-07
2.7385942734043957e-07
2.8492606675443407e-10
8.909780570945089e-10
-4.3016646221030877e-10
5.458926521439163e-10
3.1964291101700986e-10
-3.689390986825798e-10
-2.060655591196808e-10
4.594164655639453e-10
2.2635091205375173e-10
-3.697565647483386e-10
9.95857046190931e-10
-5.060615433371357e-10
-4.3794127320800717e-10
-2.7901123563707633e-10
-4.717947699108037e-10
