0.04588212385413967

5.307988034735056e-13
-0.002688780212903627
-0.001669773957834803
0.003076697125344769
3.866713174659617e-05
5.3368607153059153e-05
-2.2403723684518533e-05
2.8619906575695443e-05
-1.902503942280288e-05
-5.096186335627995e-05
-1.8194309660902638e-07
-4.01780793214972e-07
1.7370356954736453e-07
-1.0703286924365155e-07
-1.664277171867297e-07
1.6583829994288405e-07
-2.641595669829089e-07
1.7323533454191905e-07
1.354844589468618e-07
2.75317994838408e-07
2.794452450280796e-10
8.95956371337871e-10
-4.332153096930661e-10
5.544170495091811e-10
3.1268494287523466e-10
-3.710076277014616e-10
-1.967351023150513e-10
4.5649166098223887e-10
2.2013066553621671e-10
-3.7268264162231255e-10
9.83188822726748e-10
-4.99114955784678e-10
-4.311037641020286e-10
-2.7591766722534054e-10
-4.750152023197951e-10
