0.04336321583363417

4.577604781538732e-13
-0.0025188915229446655
-0.001762572316544898
0.003175996263841836
3.62771198618248e-05
5.557592778030822e-05
-2.563355249658191e-05
2.7373342635457713e-05
-1.6454085771000635e-05
-5.2608421725081426e-05
-1.613033093973999e-07
-4.1582085362808054e-07
1.8905305225551122e-07
-1.2964865011423692e-07
-1.517345144808069e-07
1.8022550194036285e-07
-2.4010685529417785e-07
1.4979179873092366e-07
1.2031411964147707e-07
2.8850873020796827e-07
2.3716300759491214e-10
9.231073679256285e-10
-4.5593017172645113e-10
5.952774939486052e-10
2.820446154949015e-10
-3.8945139291707013e-10
-1.4271701969738847e-10
4.3531239482239154e-10
1.9711153138316776e-10
-3.964087820648011e-10
8.878227414546449e-10
-4.452495933429305e-10
-3.8501153460534097e-10
-2.51347444339965e-10
-5.044491157817035e-10
