0.04313472125040857

4.213888716291189e-13
-0.002409650812589146
-0.0018077103819990452
0.0031997294863076687
3.454856834560724e-05
5.639283666175428e-05
-2.7110314597272725e-05
2.6287681815730682e-05
-1.4280733919356483e-05
-5.373586663425341e-05
-1.4724287856232768e-07
-4.209486412065455e-07
1.9752123107420827e-07
-1.3856927646843833e-07
-1.4823701058383513e-07
1.8835092247399297e-07
-2.2344477402386237e-07
1.3393624734101828e-07
1.0915963845576509e-07
2.985551908181838e-07
2.0862803864918181e-10
9.333610864529803e-10
-4.700000290131898e-10
6.078545673552703e-10
2.745719390301588e-10
-4.024744728010358e-10
-1.174827349033942e-10
4.231903266461741e-10
1.9629731662360222e-10
-4.122535223265068e-10
8.256057996999998e-10
-4.078104215997606e-10
-3.5697592570533576e-10
-2.354533416025732e-10
-5.269153901888666e-10
