0.06453224786197559

3.3841408758776355e-13
-0.0012179611801267864
-0.00252586810423426
0.0029265309197559542
1.2885567075326202e-05
5.7894183230715965e-05
-3.407418751017489e-05
1.648768899357767e-05
1.780206719790036e-05
-6.701981396968342e-05
1.8258878751822046e-08
-4.1671246311039875e-07
2.632650750842902e-07
-1.6931369907386228e-07
-1.8777900799158053e-07
2.520557366677012e-07
-5.8675619014728946e-08
-7.36600008502922e-08
-2.1183144458773417e-08
4.2520829146155643e-07
-1.178010162651022e-10
9.167995825872307e-10
-5.93457684639962e-10
5.761511185724796e-10
3.1528737803213243e-10
-5.391750705257053e-10
2.0694848768160893e-11
3.7198760698964664e-10
3.4307536484171573e-10
-5.676183961403007e-10
2.054124418846864e-10
7.646166289478688e-11
-4.140150071255379e-11
-9.298704282314426e-11
-8.065810862187148e-10
