0.09116727729862373

4.815878163705996e-13
-0.0005719286216052733
-0.0031744892745723978
0.0025833072432994773
-3.801171831535852e-07
5.731956965540782e-05
-3.5880959396746064e-05
1.3429615797939455e-05
4.0373601138507524e-05
-7.56362018572513e-05
1.2067360927520624e-07
-4.008759270550574e-07
2.9893329640984693e-07
-1.6325148703877992e-07
-2.4743946499634343e-07
2.906136733423425e-07
2.025404043872545e-08
-2.0896852474396758e-07
-1.062497569860911e-07
5.090973593774365e-07
-3.1915669143560375e-10
8.801480557802011e-10
-6.685713288897758e-10
4.890956729713208e-10
4.049512880123537e-10
-6.452486263471926e-10
5.068749648795778e-11
3.7470877860143335e-10
5.001631608085489e-10
-6.748319896892388e-10
-1.1254140656964144e-10
3.9774302799089903e-10
1.3512052953090378e-10
5.178474267458067e-13
-9.906341161226369e-10
