0.1016291361765107

2.76144020346359e-13
-2.733768114631785e-05
-0.0028707089372735266
0.0022310425987886345
-1.1190864328777483e-05
5.6251307160785556e-05
-4.0984085907371466e-05
-3.3291499930636775e-07
5.604678543565636e-05
-7.962872152761412e-05
2.052750769268337e-07
-4.094379706999131e-07
3.4453094034065876e-07
-1.4874379654766043e-07
-2.87684854703803e-07
3.4761426401614697e-07
1.4851116842815528e-07
-2.66703035605819e-07
-2.1366635641399593e-07
5.72954480468926e-07
-4.999456661704464e-10
9.247505478127806e-10
-7.710477193885529e-10
3.9979434827246944e-10
5.513360190936652e-10
-7.784977671549464e-10
1.19456732234729e-10
2.3389983265159327e-10
6.668297241634534e-10
-8.215028022154181e-10
-5.169698647514788e-10
5.705510903315448e-10
2.3018571791956142e-10
2.0359213178520211e-10
-1.1526595815105708e-09
