0.14428606819070655

3.16103623414047e-13
-0.00018947850047532357
-0.00205232290828231
0.001478176281919821
-1.66692172992549e-05
5.304685860453997e-05
-3.93199847102805e-05
-2.3154414399783374e-05
7.368232800341005e-05
-8.8250776343534e-05
2.6504697683728243e-07
-4.172259573895805e-07
3.859701091974993e-07
-4.9643781054997264e-08
-4.6235625962636276e-07
4.3085926464207804e-07
3.1940877541450455e-07
-2.644580981649218e-07
-3.3190833305983e-07
6.712193822123226e-07
-6.553661674783318e-10
1.0037051418367162e-09
-9.23588357496557e-10
8.3703811692596e-11
1.0770913173900877e-09
-1.025825402112946e-09
9.039080703839026e-11
1.6904314816403606e-11
1.1543904949401915e-09
-1.0822074674223117e-09
-9.749759580743856e-10
6.95348197149288e-10
1.2329610051774967e-10
4.2866731489071317e-10
-1.3750037660886981e-09
