0.14911417753728465

3.5970489994973633e-13
-0.00024274702134756824
-0.002050953074999734
0.0014247677861061112
-1.6764911597358385e-05
5.344980030636103e-05
-3.915044015932495e-05
-2.4229177468414213e-05
7.507385904828897e-05
-8.888908335248226e-05
2.6866229486645105e-07
-4.200331801961772e-07
3.880867921203384e-07
-4.52643039210044e-08
-4.768049613387847e-07
4.380875420820542e-07
3.295211226271349e-07
-2.65124025544399e-07
-3.4030763394715457e-07
6.777054564501206e-07
-6.661477739167446e-10
1.0119404210885175e-09
-9.327592192128854e-10
6.310210670711256e-11
1.1202374584447206e-09
-1.0451093612863301e-09
9.379346054909668e-11
3.2910374980007584e-12
1.1897685628295863e-09
-1.1037925181391464e-09
-1.0058717215059927e-09
7.073693400863526e-10
1.1398374377946188e-10
4.4588267271156083e-10
-1.3890874293136847e-09
