0.16062683991481086

4.84408596690284e-13
-0.00038370929367722656
-0.002092255977432269
0.0013058516666871684
-1.681419543091843e-05
5.492306672121651e-05
-3.9029332093958604e-05
-2.6038993830483448e-05
7.815742949551315e-05
-8.991358672134451e-05
2.765696603045286e-07
-4.289711314712845e-07
3.925874030608287e-07
-3.9130645074525735e-08
-5.073492138778248e-07
4.557102659702447e-07
3.491593022726279e-07
-2.6652113590789626e-07
-3.6087688937054375e-07
6.897970000835075e-07
-6.906841348271333e-10
1.0342047666950798e-09
-9.514002604653743e-10
2.25978074832749e-11
1.215126677844863e-09
-1.0891570062823984e-09
1.0858040546511732e-10
-2.739684960877049e-11
1.2623718269084366e-09
-1.154080879837037e-09
-1.0707404197415091e-09
7.335492022584067e-10
9.458253017710305e-11
4.927692425808497e-10
-1.416686463121793e-09
