0.16288993596509757

5.142319036622392e-13
-0.00041791569760965297
-0.0021105750834310858
0.0012863500895323482
-1.674592813244266e-05
5.540472872381842e-05
-3.911646303119616e-05
-2.623356101602848e-05
7.867310449579727e-05
-8.998998231965985e-05
2.778466296486094e-07
-4.317433790307259e-07
3.934601858802302e-07
-3.9320288587002815e-08
-5.122947013173631e-07
4.595663742347823e-07
3.5214815787555633e-07
-2.664420109220069e-07
-3.651357600690959e-07
6.912869438929554e-07
-6.951832390426902e-10
1.0402139216638276e-09
-9.545036554581979e-10
1.7317207932592498e-11
1.2322493342056882e-09
-1.097735420775757e-09
1.1410327532229435e-10
-3.376897043020627e-11
1.2735948721473672e-09
-1.1642456006920026e-09
-1.08208975864351e-09
7.376715734749147e-10
9.096556573066313e-11
5.039881623929752e-10
-1.4205263188724809e-09
