0.18624586367812818

8.999384728386275e-13
-0.0008404693879002034
-0.0024337718991930602
0.0011005944221186017
-1.3981443481930773e-05
6.163437067978594e-05
-4.303749817283001e-05
-2.246010353951301e-05
8.073250162408011e-05
-8.620287795557665e-05
2.7833486492965894e-07
-4.7505364156118673e-07
4.0872934198810546e-07
-4.461373891151356e-08
-5.443666584995744e-07
5.089603289150029e-07
3.3116918246704207e-07
-2.4000817967482273e-07
-4.189732737473711e-07
6.804638065099682e-07
-7.183981297286652e-10
1.1378209225169928e-09
-9.88258095996392e-10
-2.2412787468276693e-11
1.3816941795034584e-09
-1.209613181667491e-09
1.6254354673117703e-10
-9.635510122888378e-11
1.339436710711935e-09
-1.2781256085305278e-09
-1.053846814140899e-09
7.175610015508413e-10
2.670913951673729e-11
6.995817945062398e-10
-1.4196765514387663e-09
