0.1910559245938111

1.0010714769778698e-12
-0.0009386522136715904
-0.0025552143188192866
0.0010759822176163146
-1.3022507785661606e-05
6.344172772030106e-05
-4.466618128489189e-05
-2.0163558501682466e-05
8.054631144584143e-05
-8.449362797897877e-05
2.763697199118724e-07
-4.882217225112157e-07
4.1367761336684966e-07
-4.8659903083293e-08
-5.45474267669355e-07
5.215829277733318e-07
3.1478089286980037e-07
-2.3076959163723275e-07
-4.323239195688494e-07
6.7280859898209e-07
-7.194288159896119e-10
1.1668939468821314e-09
-9.955975368509178e-10
-2.2623689372772367e-11
1.4021484842098576e-09
-1.2373681609153778e-09
1.7373001815333602e-10
-1.0652623241201691e-10
1.33796221056347e-09
-1.30350350238632e-09
-1.0164388827220293e-09
7.02622656958079e-10
1.1178155007378472e-11
7.57161398943113e-10
-1.4111885065508956e-09
