0.19700536943365793

1.1254724537313324e-12
-0.0010571600949115514
-0.002716619792218508
0.001055465713071393
-1.1928407853295333e-05
6.59873668986841e-05
-4.691900191981535e-05
-1.739525258204557e-05
8.048314214163102e-05
-8.25324671031975e-05
2.751280192570661e-07
-5.06312883698611e-07
4.208281805687761e-07
-5.594447100191385e-08
-5.460648686794272e-07
5.385138148018783e-07
2.9628514311501e-07
-2.2075424798457115e-07
-4.498957169356288e-07
6.644302194722411e-07
-7.234553372694296e-10
1.2061919306655684e-09
-1.0062932257890727e-09
-1.8663633819705462e-11
1.426421903608093e-09
-1.273153457039029e-09
1.9266477165618613e-10
-1.205643771942173e-10
1.3346012190888121e-09
-1.337291325594777e-09
-9.772840363577006e-10
6.873515698541152e-10
-5.1941737075484245e-12
8.302474105221058e-10
-1.4029988357824513e-09
