0.1994331338644671

1.2416932652455916e-12
-0.001186581535552136
-0.002849296866345241
0.001036895570698015
-1.0542617747101978e-05
6.784147274421287e-05
-4.7530323498566646e-05
-1.4700325178631075e-05
7.926013967039229e-05
-7.994908967763481e-05
2.683079645046306e-07
-5.152808697264483e-07
4.166254888790686e-07
-6.638560896549375e-08
-5.387353902556605e-07
5.416498606888897e-07
2.771873605058836e-07
-2.1097933398731253e-07
-4.547756149618239e-07
6.484172660547452e-07
-7.131423044025972e-10
1.2193245253597275e-09
-9.93037791964553e-10
-2.3180634616449415e-12
1.4230516494139066e-09
-1.272601665454927e-09
2.1160808370901276e-10
-1.2130583902232382e-10
1.3067880548505375e-09
-1.3398543676939231e-09
-9.326557648008906e-10
6.626780998458352e-10
-1.2402967998545666e-11
8.668576151548794e-10
-1.3755237228934555e-09
