0.20026273525203075

1.411688895108617e-12
-0.0013911752608002338
-0.0030139251713946916
0.0009955902917128678
-8.27836457390486e-06
6.997624292185029e-05
-4.702737882411616e-05
-1.0847887267496255e-05
7.654281028234991e-05
-7.52976258887105e-05
2.537107264201348e-07
-5.208446076107085e-07
4.003628239824201e-07
-8.406943082965588e-08
-5.214213211992457e-07
5.349081274390736e-07
2.4856575645586516e-07
-1.9575365705095498e-07
-4.534586343102693e-07
6.173246719197774e-07
-6.86561640507064e-10
1.2167706194489821e-09
-9.52403541265296e-10
3.0877553910542877e-11
1.3973340624063049e-09
-1.2414200268559878e-09
2.3995206594169966e-10
-1.1305185372990499e-10
1.245858383238491e-09
-1.3182961677380339e-09
-8.621259138605552e-10
6.155980775799217e-10
-1.4824817989414033e-11
8.969584364736676e-10
-1.3180253176360753e-09
