(133, 143, 145) (135, 144, 149) (132, 141, 146) (132, 141, 146) (136, 146, 148) (132, 142, 144) (137, 145, 147) (136, 145, 144) (133, 144, 146) (133, 144, 146) 
(142, 142, 140) (138, 140, 139) (145, 149, 150) (140, 145, 148) (137, 142, 145) (137, 145, 148) (136, 144, 147) (133, 141, 144) (141, 142, 136) (141, 142, 136) 
(138, 151, 157) (133, 146, 154) (130, 143, 151) (131, 144, 153) (136, 146, 156) (134, 144, 154) (137, 147, 156) (138, 147, 156) (141, 145, 146) (140, 144, 147) 
(120, 138, 148) (131, 149, 161) (137, 155, 167) (127, 145, 159) (127, 144, 160) (132, 148, 164) (126, 142, 157) (128, 144, 159) (127, 145, 159) (127, 144, 160) 
(84, 89, 83) (94, 99, 95) (105, 110, 113) (111, 120, 125) (120, 130, 140) (127, 141, 154) (130, 146, 161) (132, 150, 164) (132, 150, 164) (132, 149, 165) 
(89, 89, 77) (93, 95, 84) (100, 101, 95) (102, 104, 101) (141, 145, 146) (158, 166, 168) (109, 119, 121) (95, 105, 107) (101, 112, 116) (99, 110, 114) 
(84, 92, 79) (86, 92, 82) (101, 107, 97) (115, 118, 111) (125, 128, 121) (134, 137, 130) (115, 118, 109) (98, 101, 92) (73, 80, 72) (70, 77, 69) 
(90, 93, 76) (96, 99, 82) (88, 90, 76) (81, 83, 70) (79, 81, 68) (84, 86, 73) (87, 91, 77) (88, 92, 78) (91, 95, 78) (90, 94, 77) 
(85, 91, 65) (89, 93, 79) (96, 100, 77) (100, 105, 73) (87, 88, 70) (98, 97, 79) (99, 99, 73) (98, 97, 76) (92, 94, 73) (86, 89, 68) 
(86, 92, 64) (83, 87, 70) (88, 92, 67) (92, 97, 65) (82, 83, 65) (90, 88, 73) (88, 87, 66) (85, 84, 66) (92, 94, 73) (84, 87, 66) 
