   2.9003226e-01  -8.0369280e-02   8.7789087e-02  -1.1527808e-03  -3.8917834e-03   2.3352497e-03   2.3005147e-05
  -2.3052270e-01   1.7232580e-01   1.4043937e-01   6.2213396e-04   1.9096738e-03  -4.5350673e-04  -1.8216313e-05
  -1.1146625e-01   1.4839988e-01  -1.3096165e-01   4.9727171e-04   2.7240493e-03  -2.0756422e-03  -8.8974830e-06
  -5.2847093e-02   1.0004534e-01   3.3536152e-04  -5.8771148e-04  -2.5013176e-03   5.7101687e-04   2.1042380e-05
  -2.1212958e-02   1.6275858e-02   2.6155910e-02   1.7243909e-04  -3.5089675e-03   2.2975919e-03   6.3840297e-06
  -3.1892457e-02   4.2226110e-02  -1.9910422e-02  -1.4153175e-04  -3.2873542e-03   3.9109641e-03  -5.5663126e-06
   9.2289691e-04   2.8007347e-03  -9.0403830e-03  -6.9155950e-05   3.9729435e-04   2.6574277e-04  -6.7770804e-06
  -3.0729584e-03   9.3216861e-03   1.3343626e-02  -6.5227088e-05  -6.9897271e-04  -1.9628199e-04   7.7581152e-06
   7.6694517e-03  -1.3541055e-02   9.4634732e-03   1.1202202e-04   1.2381547e-03  -1.2621544e-03  -2.1857780e-06
  -7.4495056e-03   9.6931252e-03   4.6817129e-03  -1.5000654e-05  -1.0166565e-03   7.2510098e-04   1.9151455e-06
   4.9222738e-03  -2.9509966e-03  -2.5209211e-03  -4.6244463e-05   5.9785175e-04  -5.2563680e-04   2.3036200e-07
  -2.0398975e-03   2.0247870e-03   9.4590391e-04   5.7255639e-06  -2.5521161e-04   2.1698810e-04   4.9399325e-08
